[recipe]
1
2013106611
2
250
1

1
2013106068
1
600
1

1001
2013101074
1
1
1

13
2013101272
1
5844
5

13
2013101272
3
5844
5

13
2013101272
5
5844
5

13
2013101273
1
5844
5

13
2013101273
3
5844
5

13
2013101273
5
5844
5

13
2013106596
1
3779
5

13
2013106596
3
3111
5

13
2013106596
5
2444
5

13
2013103509
1
3333
4

13
2013103510
1
3333
4

13
2013103511
1
667
4

13
2013103512
1
667
4

13
2013106597
1
1111
4

13
2013106597
2
883
4

13
2013106597
3
489
4

13
2013106598
1
1000
3

13
2013106598
2
670
3

13
2013106598
3
333
3

13
2013104499
3
700
4

13
2013104499
5
700
4

13
2013104499
7
700
4

13
2013104499
9
700
4

13
2013104499
11
700
4

13
2013104499
13
700
4

13
2013104499
15
700
4

13
2013104499
20
700
4

13
2013104499
50
700
4

13
2013104499
100
700
4

13
2013100709
5
2333
4

13
2013100709
7
1333
4

13
2013100709
10
1000
4

13
2013104914
1
1600
3

13
2013105726
1
3333
4

13
2013106585
1
3333
4

13
2013106045
1
667
2

13
2013000026
1
667
2

13
2013106177
1
667
2

13
2013106098
1
3333
3

13
2013106599
1
12000
4

13
2013106600
1
4500
3

13
2013106601
1
500
2

1013
2013100906
1
4500
3

1013
2013100909
1
4500
3

1013
2013104418
1
2000
3

1013
2013104419
1
200
3

1013
2013102984
1
500
3

1013
2013102994
1
500
3

1013
2013103004
1
500
3

1013
2013103014
1
500
3

1013
2013104235
1
50
3

1013
2013000026
1
50
3

1013
2013104488
1
4000
3

1013
2013103783
1
2000
3

1013
2013103642
1
800
3

1013
2013103643
1
240
3

1013
2013105087
1
4
3

1013
2013103644
1
1
3

1013
2013100709
5
3000
3

1013
2013100709
7
500
3

1013
2013100709
10
100
3

1013
2013104478
1
1500
3

1013
2013105726
1
2000
3

101
2054000172
1
1
1

101
2054000173
1
1
1

101
2054000184
1
1
1

101
2054000185
1
1
1

102
2054000137
1
1
2

102
2054000145
1
1
2

102
2054000140
1
1
2

102
2054000148
1
1
2

103
2054000136
1
1
-1

103
2054000142
1
1
-1

103
2054000144
1
1
-1

103
2054000139
1
1
-1

103
2054000147
1
1
-1

104
2054000135
1
1
-1

104
2054000141
1
1
-1

104
2054000143
1
1
-1

104
2054000138
1
1
-1

104
2054000146
1
1
-1

105
2061000029
1
600
-1

105
2061000028
1
200
-1

105
2061000030
1
100
-1

105
2061000031
1
20
-1

105
2061000032
1
1
-1

106
2062000027
1
600
-1

106
2062000026
1
200
-1

106
2062000028
1
100
-1

106
2062000029
1
20
-1

106
2062000030
1
1
-1

107
2063000027
1
600
-1

107
2063000026
1
200
-1

107
2063000028
1
100
-1

107
2063000029
1
20
-1

107
2063000030
1
1
-1

108
2054000149
1
1
-1

108
2054000150
1
1
-1

108
2054000151
1
1
-1

108
2054000153
1
1
-1

108
2054000154
1
1
-1

108
2054000155
1
1
-1

108
2054000152
1
1
-1

109
2013103944
1
1
-1

110
2013104418
1
1
-1

111
2013104418
3
1
-1

112
2013000099
10
1
-1

113
2013000099
50
1
-1

114
2013000099
100
1
-1

115
2054000053
1
1
-1

116
2054000054
1
1
-1

117
2054000152
1
1
-1

201
2054000215
1
1
1

201
2054000216
1
1
1

201
2054000213
1
1
1

201
2054000214
1
1
1

202
2061000033
1
1
1

202
2062000031
1
1
1

202
2063000031
1
1
1

202
2061000040
1
5
2

202
2062000038
1
5
2

202
2063000038
1
5
2

202
2061000041
1
10
-1

202
2062000039
1
10
-1

202
2063000039
1
10
-1

203
2013104701
1
1
-1

204
2013104701
3
1
-1

205
2013104701
5
1
-1

206
2013104701
7
1
-1

207
2013104702
1
1
-1

208
2013104702
3
1
-1

209
2013104702
5
1
-1

210
2013104702
7
1
-1

211
2054000055
1
1
-1

212
2054000055
1
1
-1

213
2054000054
1
1
-1

214
2054000054
1
1
-1

215
2013101312
1
1
-1

216
2013101312
2
1
-1

2001
2000400342
1
100
-1

2001
2000400347
1
100
-1

2001
2000400348
1
100
-1

2001
2000400349
1
100
-1

2001
2000400350
1
100
-1

2001
2000400351
1
100
-1

2001
2000400352
1
100
-1

2001
2000400353
1
100
-1

2001
2000400354
1
100
-1

2001
2000400355
1
100
-1

2001
2000400356
1
100
-1

2001
2000400357
1
100
-1

2001
2000400358
1
100
-1

2001
2000400359
1
100
-1

2001
2000400360
1
100
-1

2001
2000400361
1
100
-1

2001
2000400362
1
100
-1

2001
2000400363
1
100
-1

2001
2000400364
1
100
-1

2001
2000400365
1
100
-1

2001
2000400366
1
100
-1

2001
2000400367
1
100
-1

2001
2000400368
1
100
-1

2001
2000400369
1
100
-1

2001
2000400370
1
100
-1

2001
2000400371
1
100
-1

2001
2000400372
1
100
-1

2001
2000400373
1
100
-1

2001
2000400374
1
100
-1

2001
2000400375
1
100
-1

2001
2000400376
1
100
-1

2001
2000400377
1
100
-1

2001
2000400378
1
100
-1

2001
2000400379
1
100
-1

2001
2000400380
1
100
-1

2001
2000400381
1
100
-1

2001
2000400382
1
100
-1

2001
2000400383
1
100
-1

2001
2000400384
1
100
-1

2001
2000400385
1
100
-1

2002
2013106121
1
100
-1

2002
2013106122
1
100
-1

2002
2013106123
1
100
-1

2002
2013106124
1
100
-1

2002
2013106125
1
100
-1

2002
2013106126
1
100
-1

2002
2013106127
1
100
-1

2002
2013106128
1
100
-1

2002
2013106129
1
100
-1

2002
2013106130
1
100
-1

2003
2000400326
1
100
-1

2003
2000400327
1
100
-1

2003
2000400328
1
100
-1

2003
2000400329
1
100
-1

2003
2000400330
1
100
-1

2003
2000400331
1
100
-1

2003
2000400332
1
100
-1

2003
2000400333
1
100
-1

2003
2000400334
1
100
-1

2003
2000400335
1
100
-1

2003
2000400336
1
100
-1

2003
2000400337
1
100
-1

2003
2000400338
1
100
-1

2003
2000400339
1
100
-1

2003
2000400340
1
100
-1

2003
2000400341
1
100
-1

2004
2013106117
1
100
-1

2004
2013106118
1
100
-1

2004
2013106119
1
100
-1

2004
2013106120
1
100
-1

2005
2000400310
1
100
-1

2005
2000400311
1
100
-1

2005
2000400312
1
100
-1

2005
2000400313
1
100
-1

2005
2000400314
1
100
-1

2005
2000400315
1
100
-1

2005
2000400316
1
100
-1

2005
2000400317
1
100
-1

2005
2000400318
1
100
-1

2005
2000400319
1
100
-1

2005
2000400320
1
100
-1

2005
2000400321
1
100
-1

2005
2000400322
1
100
-1

2005
2000400323
1
100
-1

2005
2000400324
1
100
-1

2005
2000400325
1
100
-1

2006
2013106113
1
100
-1

2006
2013106114
1
100
-1

2006
2013106115
1
100
-1

2006
2013106116
1
100
-1

2007
2000400294
1
100
-1

2007
2000400295
1
100
-1

2007
2000400296
1
100
-1

2007
2000400297
1
100
-1

2007
2000400298
1
100
-1

2007
2000400299
1
100
-1

2007
2000400300
1
100
-1

2007
2000400301
1
100
-1

2007
2000400302
1
100
-1

2007
2000400303
1
100
-1

2007
2000400304
1
100
-1

2007
2000400305
1
100
-1

2007
2000400306
1
100
-1

2007
2000400307
1
100
-1

2007
2000400308
1
100
-1

2007
2000400309
1
100
-1

2008
2013106109
1
100
-1

2008
2013106110
1
100
-1

2008
2013106111
1
100
-1

2008
2013106112
1
100
-1

2011
2000400342
1
100
-1

2011
2000400347
1
100
-1

2011
2000400348
1
100
-1

2011
2000400349
1
100
-1

2011
2000400350
1
100
-1

2011
2000400351
1
100
-1

2011
2000400352
1
100
-1

2011
2000400353
1
100
-1

2011
2000400354
1
100
-1

2011
2000400355
1
100
-1

2011
2000400356
1
100
-1

2011
2000400357
1
100
-1

2011
2000400358
1
100
-1

2011
2000400359
1
100
-1

2011
2000400360
1
100
-1

2011
2000400361
1
100
-1

2011
2000400362
1
100
-1

2011
2000400363
1
100
-1

2011
2000400364
1
100
-1

2011
2000400365
1
100
-1

2011
2000400366
1
100
-1

2011
2000400367
1
100
-1

2011
2000400368
1
100
-1

2011
2000400369
1
100
-1

2011
2000400370
1
100
-1

2011
2000400371
1
100
-1

2011
2000400372
1
100
-1

2011
2000400373
1
100
-1

2011
2000400374
1
100
-1

2011
2000400375
1
100
-1

2011
2000400376
1
100
-1

2011
2000400377
1
100
-1

2011
2000400378
1
100
-1

2011
2000400379
1
100
-1

2011
2000400380
1
100
-1

2011
2000400381
1
100
-1

2011
2000400382
1
100
-1

2011
2000400383
1
100
-1

2011
2000400384
1
100
-1

2011
2000400385
1
100
-1

2012
2013106121
1
100
-1

2012
2013106122
1
100
-1

2012
2013106123
1
100
-1

2012
2013106124
1
100
-1

2012
2013106125
1
100
-1

2012
2013106126
1
100
-1

2012
2013106127
1
100
-1

2012
2013106128
1
100
-1

2012
2013106129
1
100
-1

2012
2013106130
1
100
-1

2013
2000400326
1
100
-1

2013
2000400327
1
100
-1

2013
2000400328
1
100
-1

2013
2000400329
1
100
-1

2013
2000400330
1
100
-1

2013
2000400331
1
100
-1

2013
2000400332
1
100
-1

2013
2000400333
1
100
-1

2013
2000400334
1
100
-1

2013
2000400335
1
100
-1

2013
2000400336
1
100
-1

2013
2000400337
1
100
-1

2013
2000400338
1
100
-1

2013
2000400339
1
100
-1

2013
2000400340
1
100
-1

2013
2000400341
1
100
-1

2014
2013106117
1
100
-1

2014
2013106118
1
100
-1

2014
2013106119
1
100
-1

2014
2013106120
1
100
-1

2015
2000400310
1
100
-1

2015
2000400311
1
100
-1

2015
2000400312
1
100
-1

2015
2000400313
1
100
-1

2015
2000400314
1
100
-1

2015
2000400315
1
100
-1

2015
2000400316
1
100
-1

2015
2000400317
1
100
-1

2015
2000400318
1
100
-1

2015
2000400319
1
100
-1

2015
2000400320
1
100
-1

2015
2000400321
1
100
-1

2015
2000400322
1
100
-1

2015
2000400323
1
100
-1

2015
2000400324
1
100
-1

2015
2000400325
1
100
-1

2016
2013106113
1
100
-1

2016
2013106114
1
100
-1

2016
2013106115
1
100
-1

2016
2013106116
1
100
-1

2017
2000400294
1
100
-1

2017
2000400295
1
100
-1

2017
2000400296
1
100
-1

2017
2000400297
1
100
-1

2017
2000400298
1
100
-1

2017
2000400299
1
100
-1

2017
2000400300
1
100
-1

2017
2000400301
1
100
-1

2017
2000400302
1
100
-1

2017
2000400303
1
100
-1

2017
2000400304
1
100
-1

2017
2000400305
1
100
-1

2017
2000400306
1
100
-1

2017
2000400307
1
100
-1

2017
2000400308
1
100
-1

2017
2000400309
1
100
-1

2018
2013106109
1
100
-1

2018
2013106110
1
100
-1

2018
2013106111
1
100
-1

2018
2013106112
1
100
-1

3001
2013101272
1
2000
5

3001
2013101272
3
1000
5

3001
2013101272
5
500
5

3002
2013101273
1
2000
5

3002
2013101273
3
1000
5

3002
2013101273
5
500
5

3003
2013101245
1
2000
4

3003
2013101245
3
1000
4

3003
2013101245
5
500
4

3004
2013101151
1
1000
1

[/recipe]