[Party Board Dungeon Max]
10000
[Party Board Max]
8
[Ping Base Party Check Time]
5
[3vs3 relay Invite]
4
[Party Board Quest Min]
3
[Dungeon Area]
1
1
1
108001
1
1
2
108101
1
1
3
108051
1
1
4
2002930000
1
1
5
108002
1
1
6
108102
1
1
7
108052
1
1
8
2002004172
1
1
9
2002931001
1
1
9
2002931002
1
1
9
2002931003
1
1
10
2002141001
1
2
1
2002500000
1
2
2
2002500002
1
2
3
2002500001
1
2
4
2002500003
3
1
1
2002120031
3
1
1
2002120032
3
1
1
2002120033
3
1
2
2002120041
3
1
2
2002120042
3
1
2
2002120043
3
1
3
2002120051
3
1
3
2002120052
3
1
3
2002120053
3
1
4
2002120071
3
1
4
2002120072
3
1
4
2002120073
3
1
5
2002120081
3
1
5
2002120082
3
1
6
2002120091
3
1
6
2002120092
3
1
6
2002120093
3
1
7
2002120101
3
1
7
2002120102
3
1
7
2002120103
3
1
7
2002120104
3
1
7
2002120105
3
2
1
2002120111
3
2
1
2002120112
3
2
2
2002120121
3
2
2
2002120122
3
2
2
2002120123
3
2
3
2002120131
3
2
3
2002120132
3
2
3
2002120133
3
2
4
2002120161
3
2
4
2002120162
3
2
4
2002120163
3
2
5
2002120151
3
2
5
2002120152
3
2
5
2002120153
3
3
1
2002120171
3
3
1
2002120172
3
3
2
2002120181
3
3
2
2002120182
3
3
3
2002120191
3
3
3
2002120192
3
3
3
2002120193
3
3
4
2002120201
3
3
4
2002120202
3
3
4
2002120203
3
3
5
2002120211
3
3
5
2002120212
3
3
5
2002120213
3
3
6
2002120221
3
3
6
2002120222
3
3
6
2002120223
3
3
6
2002120224
3
4
1
2002120431
3
4
1
2002120432
3
4
1
2002120433
3
5
1
2002120241
3
5
1
2002120242
3
5
1
2002120243
3
5
2
2002120251
3
5
2
2002120252
3
5
2
2002120253
3
5
3
2002120261
3
5
3
2002120262
3
5
3
2002120263
3
6
1
2002120371
3
6
1
2002120372
3
6
1
2002120373
3
6
2
2002120401
3
6
2
2002120402
3
6
2
2002120403
3
6
2
2002120404
3
6
3
2002120391
3
6
3
2002120392
3
6
4
2002120411
3
6
4
2002120412
3
6
4
2002120413
3
6
4
2002120414
3
6
4
2002120415
3
6
5
2002120421
3
6
5
2002120422
3
6
5
2002120423
3
6
6
2002120441
3
6
6
2002120442
3
6
6
2002120443
3
6
6
2002120444
3
6
51
2002120370
3
6
52
2002120400
3
6
53
2002120390
3
6
54
2002120410
3
6
55
2002120420
3
6
56
2002120440
3
7
1
2002120271
3
7
1
2002120272
3
7
1
2002120273
3
7
1
2002120274
3
7
1
2002120275
3
7
2
2002120281
3
7
2
2002120282
3
7
2
2002120283
3
7
2
2002120284
3
7
3
2002120301
3
7
3
2002120302
3
7
3
2002120303
3
7
3
2002120304
3
7
3
2002120305
3
7
4
2002120321
3
7
4
2002120322
3
7
4
2002120323
3
7
4
2002120324
3
7
4
2002120325
3
7
51
2002120270
3
7
52
2002120280
3
7
53
2002120300
3
7
54
2002120320
3
8
1
2002122031
3
8
1
2002122032
3
8
1
2002122033
3
8
2
2002120311
3
8
2
2002120312
3
8
2
2002120313
3
8
3
2002120291
3
8
3
2002120292
3
8
3
2002120293
3
8
51
2002122030
3
8
52
2002120310
3
8
53
2002120290
3
9
1
2002122011
3
9
1
2002122012
3
9
1
2002122013
3
9
2
2002122021
3
9
2
2002122022
3
9
2
2002122023
3
9
51
2002122010
3
9
52
2002122020
3
10
1
2002120331
3
10
1
2002120332
3
10
1
2002120333
3
10
2
2002120341
3
10
2
2002120342
3
10
2
2002120343
3
10
3
2002120351
3
10
3
2002120352
3
10
3
2002120353
3
10
4
2002120361
3
10
4
2002120362
3
10
4
2002120363
3
10
4
2002120364
3
10
5
2002122041
3
10
5
2002122042
3
10
5
2002122043
3
10
51
2002120330
3
10
52
2002120340
3
10
53
2002120350
3
10
54
2002120360
3
10
55
2002122040
3
11
1
2002120461
3
11
1
2002120462
3
11
1
2002120463
3
11
1
2002120464
3
11
1
2002120465
3
11
2
2002120451
3
11
2
2002120452
3
11
2
2002120453
3
11
2
2002120454
3
11
2
2002120455
3
11
51
2002120460
3
11
52
2002120450
3
12
1
2002120471
3
12
1
2002120472
3
12
1
2002120473
3
12
1
2002120474
3
12
2
2002120501
3
12
2
2002120502
3
12
2
2002120503
3
12
2
2002120504
3
12
3
2002120481
3
12
3
2002120482
3
12
3
2002120483
3
12
3
2002120484
3
12
4
2002120491
3
12
4
2002120492
3
12
4
2002120493
3
12
4
2002120494
3
12
5
2002120511
3
12
5
2002120512
3
12
5
2002120513
3
12
5
2002120514
3
12
5
2002120515
3
12
51
2002120470
3
12
52
2002120500
3
12
53
2002120480
3
12
54
2002120490
3
12
55
2002120510
4
12
1
2002140002
4
12
2
2002140005
4
12
3
2002140003
4
12
4
2002140004
4
12
5
2002140006
4
12
51
2002140007
4
12
52
2002140010
4
12
53
2002140008
4
12
54
2002140009
4
12
55
2002140011
5
1
1
2002300000
5
1
2
2002300001
5
1
3
2002300002
5
1
4
2002300004
5
1
5
2002300005
5
1
6
2002300006
5
1
7
2002300007
5
1
8
2002300009
5
1
9
2002300010
5
1
10
2002300011
5
1
11
2002300012
5
1
12
2002300013
5
1
13
2002300014
5
1
14
2002300015
5
1
15
2002300016
5
1
16
2002300017
5
1
17
2002300018
5
1
18
2002300019
5
1
19
2002300020
5
1
20
2002300021
5
1
21
2002300022
7
1
2
2002600201
7
1
2
2002600202
7
1
2
2002600203
7
1
2
2002600204
7
1
4
2002600401
7
1
1
109922
7
1
1
109923
7
1
1
109924
7
1
1
109925
7
1
3
109926
7
1
3
109927
7
1
3
109928
7
1
3
109929
[/Dungeon Area]
[Party List Select]
[Area Type]
1
PartyBoard_Area_type_1
0
4
PartyBoard_Area_type_4
0
3
PartyBoard_Area_type_3
0
5
PartyBoard_Area_type_5
2
[/Area Type]
[Area SubType]
1
1
PartyBoard_Area_Subtype_10
1
2
PartyBoard_Area_Subtype_11
3
1
PartyBoard_Area_Subtype_31
3
2
PartyBoard_Area_Subtype_32
3
3
PartyBoard_Area_Subtype_33
3
4
PartyBoard_Area_Subtype_34
3
5
PartyBoard_Area_Subtype_35
3
6
PartyBoard_Area_Subtype_36
3
7
PartyBoard_Area_Subtype_37
3
8
PartyBoard_Area_Subtype_38
3
9
PartyBoard_Area_Subtype_39
3
10
PartyBoard_Area_Subtype_310
3
11
PartyBoard_Area_Subtype_311
3
12
PartyBoard_Area_Subtype_312
4
12
PartyBoard_Area_Subtype_412
5
1
PartyBoard_Area_Subtype_51
6
1
PartyBoard_Area_Subtype_61
[/Area SubType]
[Area Dungeon]
1
1
1
108001
1
1
2
108101
1
1
3
108051
1
1
4
2002930000
1
1
5
108002
1
1
6
108102
1
1
7
108052
1
1
8
2002004172
1
1
9
2002931001
1
1
10
2002141001
1
2
1
2002500000
1
2
2
2002500002
1
2
3
2002500001
1
2
4
2002500003
3
1
1
2002120031
3
1
2
2002120041
3
1
3
2002120051
3
1
4
2002120071
3
1
5
2002120081
3
1
6
2002120091
3
1
7
2002120101
3
2
1
2002120111
3
2
2
2002120121
3
2
3
2002120131
3
2
4
2002120161
3
2
5
2002120151
3
3
1
2002120171
3
3
2
2002120181
3
3
3
2002120191
3
3
4
2002120201
3
3
5
2002120211
3
3
6
2002120221
3
4
1
2002120431
3
5
1
2002120241
3
5
2
2002120251
3
5
3
2002120261
3
6
1
2002120371
3
6
2
2002120401
3
6
3
2002120391
3
6
4
2002120411
3
6
5
2002120421
3
6
6
2002120441
3
6
51
2002120370
3
6
52
2002120400
3
6
53
2002120390
3
6
54
2002120410
3
6
55
2002120420
3
6
56
2002120440
3
7
1
2002120271
3
7
2
2002120281
3
7
3
2002120301
3
7
4
2002120321
3
7
51
2002120270
3
7
52
2002120280
3
7
53
2002120300
3
7
54
2002120320
3
8
1
2002122031
3
8
2
2002120311
3
8
3
2002120291
3
8
51
2002122030
3
8
52
2002120310
3
8
53
2002120290
3
9
1
2002122011
3
9
2
2002122021
3
9
51
2002122010
3
9
52
2002122020
3
10
1
2002120331
3
10
2
2002120341
3
10
3
2002120351
3
10
4
2002120361
3
10
5
2002122041
3
10
51
2002120330
3
10
52
2002120340
3
10
53
2002120350
3
10
54
2002120360
3
10
55
2002122040
3
11
1
2002120461
3
11
2
2002120451
3
11
51
2002120460
3
11
52
2002120450
3
12
1
2002120471
3
12
2
2002120501
3
12
3
2002120481
3
12
4
2002120491
3
12
5
2002120511
3
12
51
2002120470
3
12
52
2002120500
3
12
53
2002120480
3
12
54
2002120490
3
12
55
2002120510
4
12
1
2002140002
4
12
2
2002140005
4
12
3
2002140003
4
12
4
2002140004
4
12
5
2002140006
4
12
51
2002140007
4
12
52
2002140010
4
12
53
2002140008
4
12
54
2002140009
4
12
55
2002140011
5
1
1
2002300000
5
1
2
2002300001
5
1
3
2002300002
5
1
4
2002300004
5
1
5
2002300005
5
1
6
2002300006
5
1
7
2002300007
5
1
8
2002300009
5
1
9
2002300010
5
1
10
2002300011
5
1
11
2002300012
5
1
12
2002300013
5
1
13
2002300014
5
1
14
2002300015
5
1
15
2002300016
5
1
16
2002300017
5
1
17
2002300018
5
1
18
2002300019
5
1
19
2002300020
5
1
20
2002300021
5
1
21
2002300022
[/Area Dungeon]
[/Party List Select]
[Dungeon Total Server]
1
1
1
ancient
1
1
1
2
ancient
1
1
1
3
ancient
1
1
1
4
illusion_troupe
1
1
1
5
ancient
1
1
1
6
ancient
1
1
1
7
ancient
1
1
1
9
black_crack
1
5
1
1
guild
0
5
1
2
guild
0
5
1
3
guild
0
5
1
4
guild
0
5
1
5
guild
0
5
1
6
guild
0
5
1
7
guild
0
5
1
8
guild
0
5
1
9
guild
0
5
1
10
guild
0
5
1
11
guild
0
5
1
12
guild
0
5
1
13
guild
0
5
1
14
guild
0
5
1
15
guild
0
5
1
16
guild
0
5
1
17
guild
0
5
1
18
guild
0
5
1
19
guild
0
5
1
20
guild
0
5
1
21
guild
0
7
1
1
custom_pvp_1vs1_fair
1
7
1
2
custom_pvp_2vs2
1
7
1
3
custom_pvp_3vs3_relay_fair
1
7
1
4
custom_pvp_sd_deathmatch_team
1
[/Dungeon Total Server]
[Dungeon Total Client]
1
1
1
108001
1
1
2
108101
1
1
3
108051
1
1
4
2002930000
1
1
5
108002
1
1
6
108102
1
1
7
108052
1
1
9
2002931001
1
1
9
2002931002
1
1
9
2002931003
[/Dungeon Total Client]
[Party Invitation Limit Total Server]
2
1
3
world_boss
1
[/Party Invitation Limit Total Server]
[Party Invitation Limit Time]
300
[/Party Invitation Limit Time]
[Party Appendage Guide Info]
1
3000
2
3001
3
6001
4
6002
5
6003
6
6004
7
6005
[/Party Appendage Guide Info]
[Dungeon_entrance_max_level]
55
[Miniprogram Party]
ancient_of_kings_ruins
ancient_of_screaming_cave
ancient_of_vilmark
illusion_troupe
black_crack
[/Miniprogram Party]
[Ping Base Party Board Condition]
1
1
4
illusion_troupe
100
2
100
4
20
32
0
1
1
8
world_boss
100
2
100
4
20
32
0
[/Ping Base Party Board Condition]
[Ping Base Party Group Check Interval]
60
[Ping Base Party Check Time]
10
[/Ping Base Party Check Time]
[Ping Base Party Check Max Count]
200
[/Ping Base Party Check Max Count]
