[avatar compound result list]
[job]
[swordman]
[rarity]
uncommon
[type]
[hat avatar]
2001550080
1
2001550081
1
2001550078
1
2001550079
1
2001550077
1
2001550076
1
2001550123
1
2001550124
1
2001550125
1
2001550126
1
2001550127
1
2001550128
1
2001550129
1
2001550130
1
[/type]
[type]
[hair avatar]
2001560072
1
2001560073
1
2001560074
1
2001560075
1
2001560070
1
2001560071
1
2001560105
1
2001560106
1
2001560107
1
2001560108
1
2001560109
1
2001560110
1
2001560111
1
2001560112
1
[/type]
[type]
[face avatar]
2001570071
1
2001570072
1
2001570069
1
2001570070
1
2001570068
1
2001570067
1
2001570096
1
2001570097
1
2001570098
1
2001570099
1
2001570100
1
2001570101
1
2001570102
1
2001570103
1
[/type]
[type]
[coat avatar]
2001500084
1
2001500085
1
2001500087
1
2001500086
1
2001500082
1
2001500083
1
2001500111
1
2001500112
1
2001500113
1
2001500114
1
2001500115
1
2001500116
1
2001500117
1
2001500118
1
[/type]
[type]
[pants avatar]
2001510074
1
2001510075
1
2001510077
1
2001510076
1
2001510073
1
2001510072
1
2001510100
1
2001510101
1
2001510102
1
2001510103
1
2001510104
1
2001510105
1
2001510106
1
2001510107
1
[/type]
[type]
[shoes avatar]
2001540074
1
2001540073
1
2001540072
1
2001540077
1
2001540076
1
2001540075
1
2001540099
1
2001540100
1
2001540101
1
2001540102
1
2001540103
1
2001540104
1
2001540105
1
2001540106
1
[/type]
[type]
[breast avatar]
2001520070
1
2001520072
1
2001520071
1
2001520067
1
2001520068
1
2001520069
1
2001520095
1
2001520096
1
2001520097
1
2001520098
1
2001520099
1
2001520100
1
2001520101
1
2001520102
1
[/type]
[type]
[waist avatar]
2001530062
1
2001530061
1
2001530064
1
2001530063
1
2001530059
1
2001530060
1
2001530087
1
2001530088
1
2001530089
1
2001530090
1
2001530091
1
2001530092
1
2001530093
1
2001530094
1
[/type]
[/rarity]
[rarity]
rare
[type]
[hat avatar]
2001550074
1
2001550066
1
[/type]
[type]
[hair avatar]
2001560069
1
2001560064
1
[/type]
[type]
[face avatar]
2001570061
1
2001570066
1
[/type]
[type]
[coat avatar]
2001500081
1
2001500074
1
[/type]
[type]
[pants avatar]
2001510071
1
2001510065
1
[/type]
[type]
[shoes avatar]
2001540070
1
2001540065
1
[/type]
[type]
[breast avatar]
2001520060
1
2001520065
1
[/type]
[type]
[waist avatar]
2001530053
1
2001530058
1
[/type]
[/rarity]
[/job]
[job]
[fighter]
[rarity]
uncommon
[type]
[hat avatar]
2002550076
1
2002550077
1
2002550078
1
2002550075
1
2002550073
1
2002550074
1
2002550105
1
2002550106
1
2002550107
1
2002550108
1
2002550109
1
2002550110
1
2002550111
1
2002550112
1
[/type]
[type]
[hair avatar]
2002560070
1
2002560071
1
2002560068
1
2002560069
1
2002560066
1
2002560067
1
2002560090
1
2002560091
1
2002560092
1
2002560093
1
2002560094
1
2002560095
1
2002560096
1
2002560097
1
[/type]
[type]
[face avatar]
2002570067
1
2002570068
1
2002570065
1
2002570066
1
2002570063
1
2002570064
1
2002570088
1
2002570089
1
2002570090
1
2002570091
1
2002570092
1
2002570093
1
2002570094
1
2002570095
1
[/type]
[type]
[coat avatar]
2002500081
1
2002500082
1
2002500083
1
2002500084
1
2002500079
1
2002500080
1
2002500105
1
2002500106
1
2002500107
1
2002500108
1
2002500109
1
2002500110
1
2002500111
1
2002500112
1
[/type]
[type]
[pants avatar]
2002510072
1
2002510071
1
2002510074
1
2002510073
1
2002510070
1
2002510069
1
2002510094
1
2002510095
1
2002510096
1
2002510097
1
2002510098
1
2002510099
1
2002510100
1
2002510101
1
[/type]
[type]
[shoes avatar]
2002540073
1
2002540074
1
2002540071
1
2002540072
1
2002540069
1
2002540070
1
2002540093
1
2002540094
1
2002540095
1
2002540096
1
2002540097
1
2002540098
1
2002540099
1
2002540100
1
[/type]
[type]
[breast avatar]
2002520065
1
2002520067
1
2002520068
1
2002520066
1
2002520063
1
2002520064
1
2002520088
1
2002520089
1
2002520090
1
2002520091
1
2002520092
1
2002520093
1
2002520094
1
2002520095
1
[/type]
[type]
[waist avatar]
2002530059
1
2002530058
1
2002530061
1
2002530060
1
2002530056
1
2002530057
1
2002530081
1
2002530082
1
2002530083
1
2002530084
1
2002530085
1
2002530086
1
2002530087
1
2002530088
1
[/type]
[/rarity]
[rarity]
rare
[type]
[hat avatar]
2002550071
1
2002550063
1
[/type]
[type]
[hair avatar]
2002560065
1
2002560060
1
[/type]
[type]
[face avatar]
2002570057
1
2002570062
1
[/type]
[type]
[coat avatar]
2002500078
1
2002500071
1
[/type]
[type]
[pants avatar]
2002510068
1
2002510062
1
[/type]
[type]
[shoes avatar]
2002540067
1
2002540062
1
[/type]
[type]
[breast avatar]
2002520056
1
2002520061
1
[/type]
[type]
[waist avatar]
2002530050
1
2002530055
1
[/type]
[/rarity]
[/job]
[job]
[gunner]
[rarity]
uncommon
[type]
[hat avatar]
2004550078
1
2004550079
1
2004550080
1
2004550077
1
2004550075
1
2004550076
1
2004550109
1
2004550110
1
2004550111
1
2004550112
1
2004550113
1
2004550114
1
2004550115
1
2004550116
1
[/type]
[type]
[hair avatar]
2004560071
1
2004560072
1
2004560069
1
2004560070
1
2004560067
1
2004560068
1
2004560093
1
2004560094
1
2004560095
1
2004560096
1
2004560097
1
2004560098
1
2004560099
1
2004560100
1
[/type]
[type]
[face avatar]
2004570071
1
2004570072
1
2004570069
1
2004570070
1
2004570067
1
2004570068
1
2004570094
1
2004570095
1
2004570096
1
2004570097
1
2004570098
1
2004570099
1
2004570100
1
2004570101
1
[/type]
[type]
[coat avatar]
2004500083
1
2004500084
1
2004500085
1
2004500082
1
2004500080
1
2004500081
1
2004500108
1
2004500109
1
2004500110
1
2004500111
1
2004500112
1
2004500113
1
2004500114
1
2004500115
1
[/type]
[type]
[pants avatar]
2004510073
1
2004510072
1
2004510075
1
2004510074
1
2004510070
1
2004510071
1
2004510101
1
2004510102
1
2004510103
1
2004510104
1
2004510105
1
2004510106
1
2004510107
1
2004510108
1
[/type]
[type]
[shoes avatar]
2004540074
1
2004540075
1
2004540072
1
2004540073
1
2004540070
1
2004540071
1
2004540100
1
2004540101
1
2004540102
1
2004540103
1
2004540104
1
2004540105
1
2004540106
1
2004540107
1
[/type]
[type]
[breast avatar]
2004520066
1
2004520068
1
2004520069
1
2004520067
1
2004520064
1
2004520065
1
2004520092
1
2004520093
1
2004520094
1
2004520095
1
2004520096
1
2004520097
1
2004520098
1
2004520099
1
[/type]
[type]
[waist avatar]
2004530058
1
2004530057
1
2004530060
1
2004530059
1
2004530055
1
2004530056
1
2004530082
1
2004530083
1
2004530084
1
2004530085
1
2004530086
1
2004530087
1
2004530088
1
2004530089
1
[/type]
[/rarity]
[rarity]
rare
[type]
[hat avatar]
2004550073
1
2004550063
1
[/type]
[type]
[hair avatar]
2004560066
1
2004560060
1
[/type]
[type]
[face avatar]
2004570060
1
2004570066
1
[/type]
[type]
[coat avatar]
2004500079
1
2004500071
1
[/type]
[type]
[pants avatar]
2004510069
1
2004510062
1
[/type]
[type]
[shoes avatar]
2004540068
1
2004540062
1
[/type]
[type]
[breast avatar]
2004520056
1
2004520062
1
[/type]
[type]
[waist avatar]
2004530048
1
2004530054
1
[/type]
[/rarity]
[/job]
[job]
[mage]
[rarity]
uncommon
[type]
[hat avatar]
2006550079
1
2006550078
1
2006550081
1
2006550080
1
2006550076
1
2006550077
1
2006550109
1
2006550110
1
2006550111
1
2006550112
1
2006550113
1
2006550114
1
2006550115
1
2006550116
1
[/type]
[type]
[hair avatar]
2006560071
1
2006560072
1
2006560073
1
2006560070
1
2006560068
1
2006560069
1
2006560094
1
2006560095
1
2006560096
1
2006560097
1
2006560098
1
2006560099
1
2006560100
1
2006560101
1
[/type]
[type]
[face avatar]
2006570070
1
2006570069
1
2006570067
1
2006570068
1
2006570065
1
2006570066
1
2006570092
1
2006570093
1
2006570094
1
2006570095
1
2006570096
1
2006570097
1
2006570098
1
2006570099
1
[/type]
[type]
[coat avatar]
2006500086
1
2006500083
1
2006500085
1
2006500084
1
2006500081
1
2006500082
1
2006500109
1
2006500110
1
2006500111
1
2006500112
1
2006500113
1
2006500114
1
2006500115
1
2006500116
1
[/type]
[type]
[pants avatar]
2006510074
1
2006510075
1
2006510076
1
2006510073
1
2006510071
1
2006510072
1
2006510098
1
2006510099
1
2006510100
1
2006510101
1
2006510102
1
2006510103
1
2006510104
1
2006510105
1
[/type]
[type]
[shoes avatar]
2006540073
1
2006540076
1
2006540075
1
2006540074
1
2006540071
1
2006540072
1
2006540097
1
2006540098
1
2006540099
1
2006540100
1
2006540101
1
2006540102
1
2006540103
1
2006540104
1
[/type]
[type]
[breast avatar]
2006520064
1
2006520067
1
2006520066
1
2006520065
1
2006520062
1
2006520063
1
2006520089
1
2006520090
1
2006520091
1
2006520092
1
2006520093
1
2006520094
1
2006520095
1
2006520096
1
[/type]
[type]
[waist avatar]
2006530060
1
2006530061
1
2006530058
1
2006530059
1
2006530056
1
2006530057
1
2006530083
1
2006530084
1
2006530085
1
2006530086
1
2006530087
1
2006530088
1
2006530089
1
2006530090
1
[/type]
[/rarity]
[rarity]
rare
[type]
[hat avatar]
2006550074
1
2006550065
1
[/type]
[type]
[hair avatar]
2006560067
1
2006560061
1
[/type]
[type]
[face avatar]
2006570058
1
2006570064
1
[/type]
[type]
[coat avatar]
2006500080
1
2006500072
1
[/type]
[type]
[pants avatar]
2006510070
1
2006510063
1
[/type]
[type]
[shoes avatar]
2006540069
1
2006540063
1
[/type]
[type]
[breast avatar]
2006520054
1
2006520060
1
[/type]
[type]
[waist avatar]
2006530049
1
2006530055
1
[/type]
[/rarity]
[/job]
[job]
[at priest]
[rarity]
uncommon
[type]
[hat avatar]
2015550021
1
2015550022
1
2015550023
1
2015550020
1
2015550006
1
2015550005
1
2015550050
1
2015550051
1
2015550052
1
2015550053
1
2015550054
1
2015550055
1
2015550056
1
2015550057
1
[/type]
[type]
[hair avatar]
2015560019
1
2015560020
1
2015560017
1
2015560018
1
2015560007
1
2015560008
1
2015560042
1
2015560043
1
2015560044
1
2015560045
1
2015560046
1
2015560047
1
2015560048
1
2015560049
1
[/type]
[type]
[face avatar]
2015570004
1
2015570014
1
2015570017
1
2015570016
1
2015570015
1
2015570005
1
2015570040
1
2015570041
1
2015570042
1
2015570043
1
2015570044
1
2015570045
1
2015570046
1
2015570047
1
[/type]
[type]
[coat avatar]
2015500019
1
2015500018
1
2015500020
1
2015500021
1
2015500006
1
2015500007
1
2015500045
1
2015500046
1
2015500047
1
2015500048
1
2015500049
1
2015500050
1
2015500051
1
2015500052
1
[/type]
[type]
[pants avatar]
2015510020
1
2015510021
1
2015510019
1
2015510018
1
2015510007
1
2015510006
1
2015510044
1
2015510045
1
2015510046
1
2015510047
1
2015510048
1
2015510049
1
2015510050
1
2015510051
1
[/type]
[type]
[shoes avatar]
2015540019
1
2015540020
1
2015540022
1
2015540021
1
2015540006
1
2015540007
1
2015540044
1
2015540045
1
2015540046
1
2015540047
1
2015540048
1
2015540049
1
2015540050
1
2015540051
1
[/type]
[type]
[breast avatar]
2015520015
1
2015520018
1
2015520017
1
2015520016
1
2015520005
1
2015520004
1
2015520041
1
2015520042
1
2015520043
1
2015520044
1
2015520045
1
2015520046
1
2015520047
1
2015520048
1
[/type]
[type]
[waist avatar]
2015530015
1
2015530014
1
2015530017
1
2015530016
1
2015530004
1
2015530005
1
2015530040
1
2015530041
1
2015530042
1
2015530043
1
2015530044
1
2015530045
1
2015530046
1
2015530047
1
[/type]
[/rarity]
[rarity]
rare
[type]
[hat avatar]
2015550008
1
2015550007
1
[/type]
[type]
[hair avatar]
2015560010
1
2015560009
1
[/type]
[type]
[face avatar]
2015570007
1
2015570006
1
[/type]
[type]
[coat avatar]
2015500008
1
2015500009
1
[/type]
[type]
[pants avatar]
2015510008
1
2015510009
1
[/type]
[type]
[shoes avatar]
2015540008
1
2015540009
1
[/type]
[type]
[breast avatar]
2015520007
1
2015520006
1
[/type]
[type]
[waist avatar]
2015530006
1
2015530007
1
[/type]
[/rarity]
[/job]
[job]
[at swordman]
[rarity]
uncommon
[type]
[hat avatar]
2012550021
1
2012550022
1
2012550023
1
2012550024
1
2012550025
1
2012550026
1
2012550027
1
2012550028
1
[/type]
[type]
[hair avatar]
2012560017
1
2012560018
1
2012560019
1
2012560020
1
2012560021
1
2012560022
1
2012560023
1
2012560024
1
[/type]
[type]
[face avatar]
2012570008
1
2012570009
1
2012570010
1
2012570011
1
2012570012
1
2012570013
1
2012570014
1
2012570015
1
[/type]
[type]
[coat avatar]
2012500018
1
2012500019
1
2012500020
1
2012500021
1
2012500022
1
2012500023
1
2012500024
1
2012500025
1
[/type]
[type]
[pants avatar]
2012510009
1
2012510010
1
2012510011
1
2012510012
1
2012510013
1
2012510014
1
2012510015
1
2012510016
1
[/type]
[type]
[shoes avatar]
2012540017
1
2012540018
1
2012540019
1
2012540020
1
2012540021
1
2012540022
1
2012540023
1
2012540024
1
[/type]
[type]
[breast avatar]
2012520015
1
2012520016
1
2012520017
1
2012520018
1
2012520019
1
2012520020
1
2012520021
1
2012520022
1
[/type]
[type]
[waist avatar]
2012530006
1
2012530007
1
2012530008
1
2012530009
1
2012530010
1
2012530011
1
2012530012
1
2012530013
1
[/type]
[/rarity]
[rarity]
rare
[type]
[hat avatar]
2012550006
1
2012550007
1
[/type]
[type]
[hair avatar]
2012560005
1
2012560006
1
[/type]
[type]
[face avatar]
2012570004
1
2012570005
1
[/type]
[type]
[coat avatar]
2012500005
1
2012500006
1
[/type]
[type]
[pants avatar]
2012510005
1
2012510006
1
[/type]
[type]
[shoes avatar]
2012540005
1
2012540006
1
[/type]
[type]
[breast avatar]
2012520005
1
2012520006
1
[/type]
[type]
[waist avatar]
2012530004
1
2012530005
1
[/type]
[/rarity]
[/job]
[/avatar compound result list]
