5000
[normal]
1
25
1
5000
[expert]
1
25
1
5000
[master]
1
25
1
5000
[king]
1
25
1
5000
[slayer]
1
25
1
5001
[normal]
1
25
1
5001
[expert]
1
25
1
5001
[master]
1
25
1
5001
[king]
1
25
1
5001
[slayer]
1
25
1
5010
[normal]
1
3
1
5010
[expert]
1
3
1
5010
[master]
1
3
1
5010
[king]
1
3
1
5010
[slayer]
1
3
1
5011
[normal]
1
3
1
5012
[normal]
1
1
1
5012
[master]
1
1
1
5012
[expert]
1
1
1
5012
[king]
1
1
1
5012
[slayer]
1
1
1
199999
[normal]
35
1
1000
199999
[expert]
35
1
2000
199999
[master]
35
1
3000
199999
[king]
35
1
4000
199999
[slayer]
35
1
5000
109301
[normal]
25
25
1
2002300000
[normal]
13
1
1
2002300001
[normal]
13
1
1
2002300002
[normal]
13
1
1
2002300004
[normal]
13
1
1
2002300005
[normal]
13
1
1
2002300006
[normal]
13
1
1
2002300007
[normal]
13
1
1
2002300009
[normal]
13
1
1
2002300010
[normal]
13
1
1
2002300011
[normal]
13
1
1
2002300012
[normal]
13
1
1
2002300013
[normal]
13
1
1
2002300014
[normal]
13
1
1
2002300015
[normal]
13
1
1
2002300016
[normal]
13
1
1
2002300017
[normal]
13
1
1
2002300018
[normal]
13
1
1
2002300019
[normal]
13
1
1
2002300020
[normal]
13
1
1
2002300021
[normal]
13
1
1
2002300022
[normal]
13
1
1
2002300023
[normal]
13
1
1
2002300024
[normal]
13
1
1
2002300025
[normal]
13
1
1
2002300026
[normal]
13
1
1
2002300027
[normal]
13
1
1
2002300028
[normal]
13
1
1
2002300029
[normal]
13
1
1
2002910000
[normal]
1
50
1
2002910001
[normal]
1
1
1
2002910002
[normal]
1
50
1
2002910003
[normal]
1
1
1
2002120031
[normal]
1
1
229
2002120032
[normal]
1
3
375
2002120033
[normal]
1
4
448
2002120041
[normal]
1
5
579
2002120042
[normal]
1
6
652
2002120043
[normal]
1
7
854
2002120051
[normal]
1
7
854
2002120052
[normal]
1
8
879
2002120053
[normal]
1
9
954
2002120071
[normal]
1
10
1171
2002120072
[normal]
1
11
1378
2002120073
[normal]
1
12
1521
2002120081
[normal]
1
13
1598
2002120082
[normal]
1
13
1598
2002120091
[normal]
1
14
1675
2002120092
[normal]
1
14
1675
2002120093
[normal]
1
15
2046
2002120101
[normal]
1
15
2046
2002120102
[normal]
1
16
2123
2002120103
[normal]
1
16
2123
2002120104
[normal]
1
17
2144
2002120105
[normal]
1
17
2144
2002120111
[normal]
16
17
2144
2002120112
[normal]
16
18
2219
2002120121
[normal]
16
18
2219
2002120122
[normal]
16
18
2219
2002120123
[normal]
16
19
2294
2002120131
[normal]
16
19
2294
2002120132
[normal]
16
19
2294
2002120133
[normal]
16
20
2501
2002120161
[normal]
16
20
2501
2002120162
[normal]
16
20
2501
2002120163
[normal]
16
21
2576
2002120151
[normal]
16
21
2576
2002120152
[normal]
16
21
2576
2002120153
[normal]
16
22
2651
2002120171
[normal]
21
22
2651
2002120172
[normal]
21
22
2651
2002120181
[normal]
21
23
2726
2002120182
[normal]
21
23
2726
2002120191
[normal]
21
23
2726
2002120192
[normal]
21
24
2802
2002120193
[normal]
21
24
2802
2002120201
[normal]
21
24
2802
2002120202
[normal]
21
25
3274
2002120203
[normal]
21
25
3274
2002120211
[normal]
21
25
3274
2002120212
[normal]
21
26
3349
2002120213
[normal]
21
26
3349
2002120221
[normal]
21
26
3349
2002120222
[normal]
21
26
3349
2002120223
[normal]
21
27
3424
2002120224
[normal]
21
27
3424
2002120431
[normal]
26
27
3424
2002120241
[normal]
26
28
3509
2002120242
[normal]
26
28
3509
2002120243
[normal]
26
28
3509
2002120251
[normal]
26
29
3597
2002120252
[normal]
26
29
3597
2002120253
[normal]
26
29
3597
2002120261
[normal]
26
30
4568
2002120262
[normal]
26
30
4568
2002120263
[normal]
26
30
4568
2002120432
[normal]
30
31
4680
2002120371
[normal]
30
31
4680
2002120372
[normal]
30
31
4680
2002120373
[normal]
30
31
4680
2002120401
[normal]
30
32
4763
2002120402
[normal]
30
32
4763
2002120403
[normal]
30
32
4763
2002120404
[normal]
30
32
4763
2002120391
[normal]
30
33
4856
2002120392
[normal]
30
33
4856
2002120411
[normal]
30
33
4856
2002120412
[normal]
30
33
4856
2002120413
[normal]
30
34
4909
2002120414
[normal]
30
34
4909
2002120415
[normal]
30
34
4909
2002120421
[normal]
30
34
4909
2002120422
[normal]
30
35
5655
2002120423
[normal]
30
35
5655
2002120441
[normal]
30
35
5655
2002120442
[normal]
30
35
5655
2002120443
[normal]
30
36
5778
2002120444
[normal]
30
36
5778
2002120271
[normal]
35
36
5778
2002120272
[normal]
35
36
5778
2002120273
[normal]
35
37
5905
2002120274
[normal]
35
37
5905
2002120275
[normal]
35
37
5905
2002120281
[normal]
35
37
5905
2002120282
[normal]
35
37
5905
2002120283
[normal]
35
38
5988
2002120284
[normal]
35
38
5988
2002120301
[normal]
35
38
5988
2002120302
[normal]
35
38
5988
2002120303
[normal]
35
39
6061
2002120304
[normal]
35
39
6061
2002120305
[normal]
35
39
6061
2002120321
[normal]
35
39
6061
2002120322
[normal]
35
39
6061
2002120323
[normal]
35
40
6680
2002120324
[normal]
35
40
6680
2002120325
[normal]
35
40
6680
2002122031
[normal]
40
41
6920
2002122032
[normal]
40
41
6920
2002122033
[normal]
40
41
6920
2002120311
[normal]
40
41
6920
2002120312
[normal]
40
41
6920
2002120313
[normal]
40
42
7108
2002120291
[normal]
40
42
7108
2002120292
[normal]
40
42
7108
2002120293
[normal]
40
42
7108
2002122011
[normal]
41
42
7108
2002122012
[normal]
41
43
7340
2002122013
[normal]
41
43
7340
2002122021
[normal]
41
43
7340
2002122022
[normal]
41
43
7340
2002122023
[normal]
41
43
7340
2002120433
[normal]
42
43
7340
2002120331
[normal]
42
44
7534
2002120332
[normal]
42
44
7534
2002120333
[normal]
42
44
7534
2002120341
[normal]
42
44
7534
2002120342
[normal]
42
44
7534
2002120343
[normal]
42
44
7534
2002120351
[normal]
42
45
7945
2002120352
[normal]
42
45
7945
2002120353
[normal]
42
45
7945
2002120361
[normal]
42
45
7945
2002120362
[normal]
42
45
7945
2002120363
[normal]
42
46
8029
2002120364
[normal]
42
46
8029
2002122041
[normal]
42
46
8029
2002122042
[normal]
42
46
8029
2002122043
[normal]
42
46
8029
2002120461
[normal]
45
46
8029
2002120462
[normal]
45
46
8029
2002120463
[normal]
45
46
8029
2002120464
[normal]
45
47
8180
2002120465
[normal]
45
47
8180
2002120451
[normal]
45
47
8180
2002120452
[normal]
45
47
8180
2002120453
[normal]
45
47
8180
2002120454
[normal]
45
47
8180
2002120455
[normal]
45
47
8180
2002120471
[normal]
46
47
8180
2002120472
[normal]
46
48
8278
2002120473
[normal]
46
48
8278
2002120474
[normal]
46
48
8278
2002120501
[normal]
46
48
8278
2002120502
[normal]
46
48
8278
2002120503
[normal]
46
48
8278
2002120504
[normal]
46
48
8278
2002120481
[normal]
46
48
8278
2002120482
[normal]
46
49
8443
2002120483
[normal]
46
49
8443
2002120484
[normal]
46
49
8443
2002120491
[normal]
46
49
8443
2002120492
[normal]
46
49
8443
2002120493
[normal]
46
49
8443
2002120494
[normal]
46
49
8443
2002120511
[normal]
46
49
8443
2002120512
[normal]
46
50
8820
2002120513
[normal]
46
50
8820
2002120514
[normal]
46
50
8820
2002120515
[normal]
46
50
8820
2002004201
[normal]
1
1
229
2002004202
[normal]
1
3
375
2002004301
[normal]
1
4
448
2002004302
[normal]
1
5
579
2002004401
[normal]
1
6
652
2002004402
[normal]
1
7
854
2002120031
[expert]
50
53
983
2002120032
[expert]
50
53
1156
2002120033
[expert]
50
53
1156
2002120041
[expert]
50
53
1242
2002120042
[expert]
50
53
1323
2002120043
[expert]
50
53
1323
2002120051
[expert]
50
53
1410
2002120052
[expert]
50
53
1410
2002120053
[expert]
50
53
1410
2002120071
[expert]
50
53
1496
2002120072
[expert]
50
53
1496
2002120073
[expert]
50
53
1496
2002120081
[expert]
50
53
1669
2002120082
[expert]
50
53
1669
2002120091
[expert]
50
53
1750
2002120092
[expert]
50
53
1750
2002120093
[expert]
50
53
1750
2002120101
[expert]
50
53
1837
2002120102
[expert]
50
53
1837
2002120103
[expert]
50
53
1837
2002120104
[expert]
50
53
1837
2002120105
[expert]
50
53
1837
2002120111
[expert]
50
53
1956
2002120112
[expert]
50
53
1956
2002120121
[expert]
50
53
2055
2002120122
[expert]
50
53
2055
2002120123
[expert]
50
53
2148
2002120121
[expert]
50
53
2055
2002120122
[expert]
50
53
2055
2002120123
[expert]
50
53
2148
2002120131
[expert]
50
53
2148
2002120132
[expert]
50
53
2247
2002120133
[expert]
50
53
2247
2002120151
[expert]
50
53
2443
2002120152
[expert]
50
53
2443
2002120153
[expert]
50
53
2542
2002120161
[expert]
50
53
2345
2002120162
[expert]
50
53
2345
2002120163
[expert]
50
53
2443
2002120171
[expert]
50
53
2656
2002120172
[expert]
50
53
2656
2002120181
[expert]
50
53
2755
2002120182
[expert]
50
53
2755
2002120191
[expert]
50
53
2755
2002120192
[expert]
50
53
2755
2002120193
[expert]
50
53
2755
2002120201
[expert]
50
53
2853
2002120202
[expert]
50
53
2853
2002120203
[expert]
50
53
2853
2002120211
[expert]
50
53
2853
2002120212
[expert]
50
53
2964
2002120213
[expert]
50
53
2964
2002120221
[expert]
50
53
2964
2002120222
[expert]
50
53
2964
2002120223
[expert]
50
53
3069
2002120224
[expert]
50
53
3069
2002120241
[expert]
50
53
3855
2002120242
[expert]
50
53
3855
2002120243
[expert]
50
53
3855
2002120251
[expert]
50
53
3855
2002120252
[expert]
50
53
3855
2002120253
[expert]
50
53
3855
2002120261
[expert]
50
53
3960
2002120262
[expert]
50
53
3960
2002120263
[expert]
50
53
3960
2002120271
[expert]
50
53
4728
2002120272
[expert]
50
53
4728
2002120273
[expert]
50
53
4728
2002120274
[expert]
50
53
4728
2002120275
[expert]
50
53
4728
2002120281
[expert]
50
53
4728
2002120282
[expert]
50
53
4728
2002120283
[expert]
50
53
4728
2002120284
[expert]
50
53
4728
2002120291
[expert]
50
53
5054
2002120292
[expert]
50
53
5054
2002120293
[expert]
50
53
5054
2002120301
[expert]
50
53
4728
2002120302
[expert]
50
53
4728
2002120303
[expert]
50
53
4838
2002120304
[expert]
50
53
4838
2002120305
[expert]
50
53
4838
2002120311
[expert]
50
53
4838
2002120312
[expert]
50
53
4838
2002120313
[expert]
50
53
4838
2002120321
[expert]
50
53
4838
2002120322
[expert]
50
53
4838
2002120323
[expert]
50
53
4838
2002120324
[expert]
50
53
4838
2002120325
[expert]
50
53
4838
2002120331
[expert]
50
53
3308
2002120332
[expert]
50
53
3308
2002120333
[expert]
50
53
3308
2002120341
[expert]
50
53
3308
2002120342
[expert]
50
53
3308
2002120343
[expert]
50
53
3413
2002120351
[expert]
50
53
3413
2002120352
[expert]
50
53
3524
2002120353
[expert]
50
53
3524
2002120361
[expert]
50
53
3524
2002120362
[expert]
50
53
3524
2002120363
[expert]
50
53
3524
2002120364
[expert]
50
53
3634
2002120371
[expert]
50
53
4292
2002120372
[expert]
50
53
4292
2002120373
[expert]
50
53
4292
2002120391
[expert]
50
53
4292
2002120392
[expert]
50
53
4292
2002120401
[expert]
50
53
4402
2002120402
[expert]
50
53
4402
2002120403
[expert]
50
53
4402
2002120404
[expert]
50
53
4402
2002120411
[expert]
50
53
5054
2002120412
[expert]
50
53
5054
2002120413
[expert]
50
53
5054
2002120414
[expert]
50
53
5054
2002120415
[expert]
50
53
5054
2002120421
[expert]
50
53
4402
2002120422
[expert]
50
53
4402
2002120423
[expert]
50
53
4507
2002120431
[expert]
50
53
3308
2002120432
[expert]
50
53
4292
2002120433
[expert]
50
53
4949
2002120441
[expert]
50
53
4507
2002120442
[expert]
50
53
4507
2002120443
[expert]
50
53
4507
2002120444
[expert]
50
53
4507
2002120451
[expert]
50
53
5177
2002120452
[expert]
50
53
5177
2002120453
[expert]
50
53
5177
2002120454
[expert]
50
53
5177
2002120455
[expert]
50
53
5177
2002120461
[expert]
50
53
5054
2002120462
[expert]
50
53
5054
2002120463
[expert]
50
53
5177
2002120464
[expert]
50
53
5177
2002120465
[expert]
50
53
5177
2002120471
[expert]
50
53
5177
2002120472
[expert]
50
53
5177
2002120473
[expert]
50
53
5177
2002120474
[expert]
50
53
5177
2002120481
[expert]
50
53
5177
2002120482
[expert]
50
53
5299
2002120483
[expert]
50
53
5421
2002120484
[expert]
50
53
5421
2002120491
[expert]
50
53
5421
2002120492
[expert]
50
53
5421
2002120493
[expert]
50
53
5421
2002120494
[expert]
50
53
5421
2002120501
[expert]
50
53
5421
2002120502
[expert]
50
53
5421
2002120503
[expert]
50
53
5421
2002120504
[expert]
50
53
5421
2002120511
[expert]
50
53
5421
2002120512
[expert]
50
53
5421
2002120513
[expert]
50
53
5421
2002120514
[expert]
50
53
5421
2002120515
[expert]
50
53
5421
2002122011
[expert]
50
53
4071
2002122012
[expert]
50
53
4071
2002122013
[expert]
50
53
4071
2002122021
[expert]
50
53
4838
2002122022
[expert]
50
53
4838
2002122023
[expert]
50
53
4838
2002122031
[expert]
50
53
4838
2002122032
[expert]
50
53
4838
2002122033
[expert]
50
53
4838
2002122041
[expert]
50
53
5054
2002122042
[expert]
50
53
5054
2002122043
[expert]
50
53
5054
2002120031
[master]
50
56
983
2002120032
[master]
50
56
1156
2002120033
[master]
50
56
1156
2002120041
[master]
50
56
1242
2002120042
[master]
50
56
1323
2002120043
[master]
50
56
1323
2002120051
[master]
50
56
1410
2002120052
[master]
50
56
1410
2002120053
[master]
50
56
1410
2002120071
[master]
50
56
1496
2002120072
[master]
50
56
1496
2002120073
[master]
50
56
1496
2002120081
[master]
50
56
1669
2002120082
[master]
50
56
1669
2002120091
[master]
50
56
1750
2002120092
[master]
50
56
1750
2002120093
[master]
50
56
1750
2002120101
[master]
50
56
1837
2002120102
[master]
50
56
1837
2002120103
[master]
50
56
1837
2002120104
[master]
50
56
1837
2002120105
[master]
50
56
1837
2002120111
[master]
50
56
1956
2002120112
[master]
50
56
1956
2002120121
[master]
50
56
2055
2002120122
[master]
50
56
2055
2002120123
[master]
50
56
2148
2002120121
[master]
50
56
2055
2002120122
[master]
50
56
2055
2002120123
[master]
50
56
2148
2002120131
[master]
50
56
2148
2002120132
[master]
50
56
2247
2002120133
[master]
50
56
2247
2002120151
[master]
50
56
2443
2002120152
[master]
50
56
2443
2002120153
[master]
50
56
2542
2002120161
[master]
50
56
2345
2002120162
[master]
50
56
2345
2002120163
[master]
50
56
2443
2002120171
[master]
50
56
2656
2002120172
[master]
50
56
2656
2002120181
[master]
50
56
2755
2002120182
[master]
50
56
2755
2002120191
[master]
50
56
2755
2002120192
[master]
50
56
2755
2002120193
[master]
50
56
2755
2002120201
[master]
50
56
2853
2002120202
[master]
50
56
2853
2002120203
[master]
50
56
2853
2002120211
[master]
50
56
2853
2002120212
[master]
50
56
2964
2002120213
[master]
50
56
2964
2002120221
[master]
50
56
2964
2002120222
[master]
50
56
2964
2002120223
[master]
50
56
3069
2002120224
[master]
50
56
3069
2002120241
[master]
50
56
3855
2002120242
[master]
50
56
3855
2002120243
[master]
50
56
3855
2002120251
[master]
50
56
3855
2002120252
[master]
50
56
3855
2002120253
[master]
50
56
3855
2002120261
[master]
50
56
3960
2002120262
[master]
50
56
3960
2002120263
[master]
50
56
3960
2002120271
[master]
50
56
4728
2002120272
[master]
50
56
4728
2002120273
[master]
50
56
4728
2002120274
[master]
50
56
4728
2002120275
[master]
50
56
4728
2002120281
[master]
50
56
4728
2002120282
[master]
50
56
4728
2002120283
[master]
50
56
4728
2002120284
[master]
50
56
4728
2002120291
[master]
50
56
5054
2002120292
[master]
50
56
5054
2002120293
[master]
50
56
5054
2002120301
[master]
50
56
4728
2002120302
[master]
50
56
4728
2002120303
[master]
50
56
4838
2002120304
[master]
50
56
4838
2002120305
[master]
50
56
4838
2002120311
[master]
50
56
4838
2002120312
[master]
50
56
4838
2002120313
[master]
50
56
4838
2002120321
[master]
50
56
4838
2002120322
[master]
50
56
4838
2002120323
[master]
50
56
4838
2002120324
[master]
50
56
4838
2002120325
[master]
50
56
4838
2002120331
[master]
50
56
3308
2002120332
[master]
50
56
3308
2002120333
[master]
50
56
3308
2002120341
[master]
50
56
3308
2002120342
[master]
50
56
3308
2002120343
[master]
50
56
3413
2002120351
[master]
50
56
3413
2002120352
[master]
50
56
3524
2002120353
[master]
50
56
3524
2002120361
[master]
50
56
3524
2002120362
[master]
50
56
3524
2002120363
[master]
50
56
3524
2002120364
[master]
50
56
3634
2002120371
[master]
50
56
4292
2002120372
[master]
50
56
4292
2002120373
[master]
50
56
4292
2002120391
[master]
50
56
4292
2002120392
[master]
50
56
4292
2002120401
[master]
50
56
4402
2002120402
[master]
50
56
4402
2002120403
[master]
50
56
4402
2002120404
[master]
50
56
4402
2002120411
[master]
50
56
5054
2002120412
[master]
50
56
5054
2002120413
[master]
50
56
5054
2002120414
[master]
50
56
5054
2002120415
[master]
50
56
5054
2002120421
[master]
50
56
4402
2002120422
[master]
50
56
4402
2002120423
[master]
50
56
4507
2002120431
[master]
50
56
3308
2002120432
[master]
50
56
4292
2002120433
[master]
50
56
4949
2002120441
[master]
50
56
4507
2002120442
[master]
50
56
4507
2002120443
[master]
50
56
4507
2002120444
[master]
50
56
4507
2002120451
[master]
50
56
5177
2002120452
[master]
50
56
5177
2002120453
[master]
50
56
5177
2002120454
[master]
50
56
5177
2002120455
[master]
50
56
5177
2002120461
[master]
50
56
5054
2002120462
[master]
50
56
5054
2002120463
[master]
50
56
5177
2002120464
[master]
50
56
5177
2002120465
[master]
50
56
5177
2002120471
[master]
50
56
5177
2002120472
[master]
50
56
5177
2002120473
[master]
50
56
5177
2002120474
[master]
50
56
5177
2002120481
[master]
50
56
5177
2002120482
[master]
50
56
5299
2002120483
[master]
50
56
5421
2002120484
[master]
50
56
5421
2002120491
[master]
50
56
5421
2002120492
[master]
50
56
5421
2002120493
[master]
50
56
5421
2002120494
[master]
50
56
5421
2002120501
[master]
50
56
5421
2002120502
[master]
50
56
5421
2002120503
[master]
50
56
5421
2002120504
[master]
50
56
5421
2002120511
[master]
50
56
5421
2002120512
[master]
50
56
5421
2002120513
[master]
50
56
5421
2002120514
[master]
50
56
5421
2002120515
[master]
50
56
5421
2002122011
[master]
50
56
4071
2002122012
[master]
50
56
4071
2002122013
[master]
50
56
4071
2002122021
[master]
50
56
4838
2002122022
[master]
50
56
4838
2002122023
[master]
50
56
4838
2002122031
[master]
50
56
4838
2002122032
[master]
50
56
4838
2002122033
[master]
50
56
4838
2002122041
[master]
50
56
5054
2002122042
[master]
50
56
5054
2002122043
[master]
50
56
5054
2002122043
[master]
50
56
5054
2002120370
[expert]
50
50
10203
2002120400
[expert]
50
50
10203
2002120390
[expert]
50
50
10203
2002120410
[expert]
50
51
10203
2002120420
[expert]
50
51
10203
2002120440
[expert]
50
51
10203
2002120270
[expert]
50
51
10203
2002120280
[expert]
50
51
10203
2002120300
[expert]
50
52
10430
2002120320
[expert]
50
52
10430
2002122030
[expert]
50
52
10430
2002120310
[expert]
50
52
10430
2002120290
[expert]
50
52
10430
2002122010
[expert]
50
53
10430
2002122020
[expert]
50
53
10430
2002120330
[expert]
50
53
10430
2002120340
[expert]
50
53
10430
2002120350
[expert]
50
53
10430
2002120360
[expert]
50
53
10430
2002122040
[expert]
50
53
10430
2002120460
[expert]
50
54
10430
2002120450
[expert]
50
54
10430
2002120470
[expert]
50
54
10430
2002120500
[expert]
50
54
10430
2002120480
[expert]
50
54
10430
2002120490
[expert]
50
54
10430
2002120510
[expert]
50
54
10430
109920
[normal]
1
10
807
2002920000
[normal]
1
1
1
109911
[normal]
1
50
0
109900
[normal]
1
50
0
109900
[expert]
1
50
0
109900
[master]
1
50
0
109900
[king]
1
50
0
109900
[slayer]
1
50
0
109901
[normal]
1
50
0
109901
[expert]
1
50
0
109901
[master]
1
50
0
109901
[king]
1
50
0
109901
[slayer]
1
50
0
109902
[normal]
1
50
0
109902
[expert]
1
50
0
109902
[master]
1
50
0
109902
[king]
1
50
0
109902
[slayer]
1
50
0
109903
[normal]
1
50
0
109903
[expert]
1
50
0
109903
[master]
1
50
0
109903
[king]
1
50
0
109903
[slayer]
1
50
0
109914
[normal]
1
50
0
109914
[expert]
1
50
0
109914
[master]
1
50
0
109914
[king]
1
50
0
109914
[slayer]
1
50
0
109915
[normal]
1
50
0
109915
[expert]
1
50
0
109915
[master]
1
50
0
109915
[king]
1
50
0
109915
[slayer]
1
50
0
109916
[normal]
1
50
0
109916
[expert]
1
50
0
109916
[master]
1
50
0
109916
[king]
1
50
0
109916
[slayer]
1
50
0
109917
[normal]
1
50
0
109917
[expert]
1
50
0
109917
[master]
1
50
0
109917
[king]
1
50
0
109917
[slayer]
1
50
0
109944
[normal]
1
50
0
109944
[expert]
1
50
0
109944
[master]
1
50
0
109944
[king]
1
50
0
109944
[slayer]
1
50
0
109945
[normal]
1
50
0
109945
[expert]
1
50
0
109945
[master]
1
50
0
109945
[king]
1
50
0
109945
[slayer]
1
50
0
109946
[normal]
1
50
0
109946
[expert]
1
50
0
109946
[master]
1
50
0
109946
[king]
1
50
0
109946
[slayer]
1
50
0
109934
[normal]
1
50
0
109934
[expert]
1
50
0
109934
[master]
1
50
0
109934
[king]
1
50
0
109934
[slayer]
1
50
0
109930
[normal]
1
50
0
109930
[expert]
1
50
0
109930
[master]
1
50
0
109930
[king]
1
50
0
109930
[slayer]
1
50
0
109931
[normal]
1
50
0
109931
[expert]
1
50
0
109931
[master]
1
50
0
109931
[king]
1
50
0
109931
[slayer]
1
50
0
109932
[normal]
1
50
0
109932
[expert]
1
50
0
109932
[master]
1
50
0
109932
[king]
1
50
0
109932
[slayer]
1
50
0
109933
[normal]
1
50
0
109933
[expert]
1
50
0
109933
[master]
1
50
0
109933
[king]
1
50
0
109933
[slayer]
1
50
0
109970
[normal]
1
50
0
109970
[expert]
1
50
0
109970
[master]
1
50
0
109970
[king]
1
50
0
109970
[slayer]
1
50
0
109971
[normal]
1
50
0
109971
[expert]
1
50
0
109971
[master]
1
50
0
109971
[king]
1
50
0
109971
[slayer]
1
50
0
109972
[normal]
1
50
0
109972
[expert]
1
50
0
109972
[master]
1
50
0
109972
[king]
1
50
0
109972
[slayer]
1
50
0
109973
[normal]
1
50
0
109973
[expert]
1
50
0
109973
[master]
1
50
0
109973
[king]
1
50
0
109973
[slayer]
1
50
0
109918
[normal]
1
50
0
109918
[expert]
1
50
0
109918
[master]
1
50
0
109918
[king]
1
50
0
109918
[slayer]
1
50
0
109919
[normal]
1
50
0
109919
[expert]
1
50
0
109919
[master]
1
50
0
109919
[king]
1
50
0
109919
[slayer]
1
50
0
109920
[normal]
1
50
0
109920
[expert]
1
50
0
109920
[master]
1
50
0
109920
[king]
1
50
0
109920
[slayer]
1
50
0
109921
[normal]
1
50
0
109921
[expert]
1
50
0
109921
[master]
1
50
0
109921
[king]
1
50
0
109921
[slayer]
1
50
0
109940
[normal]
1
50
0
109940
[expert]
1
50
0
109940
[master]
1
50
0
109940
[king]
1
50
0
109940
[slayer]
1
50
0
109941
[normal]
1
50
0
109941
[expert]
1
50
0
109941
[master]
1
50
0
109941
[king]
1
50
0
109941
[slayer]
1
50
0
109942
[normal]
1
50
0
109942
[expert]
1
50
0
109942
[master]
1
50
0
109942
[king]
1
50
0
109942
[slayer]
1
50
0
109943
[normal]
1
50
0
109943
[expert]
1
50
0
109943
[master]
1
50
0
109943
[king]
1
50
0
109943
[slayer]
1
50
0
109922
[normal]
1
50
0
109922
[expert]
1
50
0
109922
[master]
1
50
0
109922
[king]
1
50
0
109922
[slayer]
1
50
0
109923
[normal]
1
50
0
109923
[expert]
1
50
0
109923
[master]
1
50
0
109923
[king]
1
50
0
109923
[slayer]
1
50
0
109924
[normal]
1
50
0
109924
[expert]
1
50
0
109924
[master]
1
50
0
109924
[king]
1
50
0
109924
[slayer]
1
50
0
109925
[normal]
1
50
0
109925
[expert]
1
50
0
109925
[master]
1
50
0
109925
[king]
1
50
0
109925
[slayer]
1
50
0
2002600101
[normal]
1
50
0
2002600101
[expert]
1
50
0
2002600101
[master]
1
50
0
2002600101
[king]
1
50
0
2002600101
[slayer]
1
50
0
2002600102
[normal]
1
50
0
2002600102
[expert]
1
50
0
2002600102
[master]
1
50
0
2002600102
[king]
1
50
0
2002600102
[slayer]
1
50
0
2002600103
[normal]
1
50
0
2002600103
[expert]
1
50
0
2002600103
[master]
1
50
0
2002600103
[king]
1
50
0
2002600103
[slayer]
1
50
0
2002600104
[normal]
1
50
0
2002600104
[expert]
1
50
0
2002600104
[master]
1
50
0
2002600104
[king]
1
50
0
2002600104
[slayer]
1
50
0
109926
[normal]
1
50
0
109926
[expert]
1
50
0
109926
[master]
1
50
0
109926
[king]
1
50
0
109926
[slayer]
1
50
0
109927
[normal]
1
50
0
109927
[expert]
1
50
0
109927
[master]
1
50
0
109927
[king]
1
50
0
109927
[slayer]
1
50
0
109928
[normal]
1
50
0
109928
[expert]
1
50
0
109928
[master]
1
50
0
109928
[king]
1
50
0
109928
[slayer]
1
50
0
109929
[normal]
1
50
0
109929
[expert]
1
50
0
109929
[master]
1
50
0
109929
[king]
1
50
0
109929
[slayer]
1
50
0
2002600301
[normal]
1
50
0
2002600301
[expert]
1
50
0
2002600301
[master]
1
50
0
2002600301
[king]
1
50
0
2002600301
[slayer]
1
50
0
2002600302
[normal]
1
50
0
2002600302
[expert]
1
50
0
2002600302
[master]
1
50
0
2002600302
[king]
1
50
0
2002600302
[slayer]
1
50
0
2002600303
[normal]
1
50
0
2002600303
[expert]
1
50
0
2002600303
[master]
1
50
0
2002600303
[king]
1
50
0
2002600303
[slayer]
1
50
0
2002600304
[normal]
1
50
0
2002600304
[expert]
1
50
0
2002600304
[master]
1
50
0
2002600304
[king]
1
50
0
2002600304
[slayer]
1
50
0
2002600201
[normal]
1
50
0
2002600201
[expert]
1
50
0
2002600201
[master]
1
50
0
2002600201
[king]
1
50
0
2002600201
[slayer]
1
50
0
2002600202
[normal]
1
50
0
2002600202
[expert]
1
50
0
2002600202
[master]
1
50
0
2002600202
[king]
1
50
0
2002600202
[slayer]
1
50
0
2002600203
[normal]
1
50
0
2002600203
[expert]
1
50
0
2002600203
[master]
1
50
0
2002600203
[king]
1
50
0
2002600203
[slayer]
1
50
0
2002600204
[normal]
1
50
0
2002600204
[expert]
1
50
0
2002600204
[master]
1
50
0
2002600204
[king]
1
50
0
2002600204
[slayer]
1
50
0
2002600401
[normal]
1
50
0
2002600401
[expert]
1
50
0
2002600401
[master]
1
50
0
2002600401
[king]
1
50
0
2002600401
[slayer]
1
50
0
109947
[normal]
1
50
0
109947
[expert]
1
50
0
109947
[master]
1
50
0
109947
[king]
1
50
0
109947
[slayer]
1
50
0
109948
[normal]
1
50
0
109948
[expert]
1
50
0
109948
[master]
1
50
0
109948
[king]
1
50
0
109948
[slayer]
1
50
0
109930
[normal]
1
15
10695
109930
[expert]
1
15
20786
109930
[master]
1
15
38445
109930
[king]
1
15
92127
109930
[slayer]
1
15
92127
2002180000
[normal]
19
20
0
2002180000
[expert]
19
20
0
2002180000
[master]
19
20
0
2002180000
[king]
19
20
0
2002180000
[slayer]
19
20
0
109001
[normal]
35
27
0
109001
[expert]
35
27
0
109001
[master]
35
27
0
109001
[king]
35
27
0
109001
[slayer]
35
27
0
109201
[normal]
35
36
0
109201
[expert]
35
36
0
109201
[master]
35
36
0
109201
[king]
35
36
0
109201
[slayer]
35
36
0
109202
[normal]
35
36
0
109202
[expert]
35
36
0
109202
[master]
35
36
0
109202
[king]
35
36
0
109202
[slayer]
35
36
0
109203
[normal]
35
36
0
109203
[expert]
35
36
0
109203
[master]
35
36
0
109203
[king]
35
36
0
109203
[slayer]
35
36
0
109204
[normal]
35
36
0
109204
[expert]
35
36
0
109204
[master]
35
36
0
109204
[king]
35
36
0
109204
[slayer]
35
36
0
109205
[normal]
35
36
0
109205
[expert]
35
36
0
109205
[master]
35
36
0
109205
[king]
35
36
0
109205
[slayer]
35
36
0
109002
[normal]
19
20
0
109002
[expert]
19
20
0
109002
[master]
19
20
0
109002
[king]
19
20
0
109002
[slayer]
19
20
0
109951
[normal]
11
9
0
109954
[normal]
11
19
0
109957
[normal]
11
29
0
109960
[normal]
11
39
0
109963
[normal]
11
49
0
109966
[normal]
11
59
0
2002111000
[normal]
10
10
678
2002111001
[normal]
10
20
1129
2002111002
[normal]
10
30
2229
2002111003
[normal]
10
40
3532
2002111004
[normal]
10
50
4908
2002111010
[normal]
10
55
12200
2002111011
[normal]
10
57
14500
2002111012
[normal]
10
57
16800
109953
[normal]
11
9
0
109956
[normal]
11
19
0
109959
[normal]
11
29
0
109962
[normal]
11
39
0
109965
[normal]
11
49
12600
109966
[normal]
11
57
15100
109968
[normal]
11
57
17700
109952
[normal]
11
9
0
109955
[normal]
11
19
0
109958
[normal]
11
57
12900
109961
[normal]
11
57
15700
109964
[normal]
11
57
18300
109967
[normal]
11
59
0
109969
[normal]
11
55
0
101002
[normal]
1
9
1
101002
[expert]
1
9
1
101002
[master]
1
9
1
101002
[king]
1
9
1
101002
[slayer]
1
9
1
101003
[normal]
1
9
1
101003
[expert]
1
9
1
101003
[master]
1
9
1
101003
[king]
1
9
1
101003
[slayer]
1
9
1
101004
[normal]
1
9
1
101004
[expert]
1
9
1
101004
[master]
1
9
1
101004
[king]
1
9
1
101004
[slayer]
1
9
1
101005
[normal]
1
19
1
101005
[expert]
1
19
1
101005
[master]
1
19
1
101005
[king]
1
19
1
101005
[slayer]
1
19
1
101006
[normal]
1
19
1
101006
[expert]
1
19
1
101006
[master]
1
19
1
101006
[king]
1
19
1
101006
[slayer]
1
19
1
101007
[normal]
1
19
1
101007
[expert]
1
19
1
101007
[master]
1
19
1
101007
[king]
1
19
1
101007
[slayer]
1
19
1
101008
[normal]
1
29
1
101008
[expert]
1
29
1
101008
[master]
1
29
1
101008
[king]
1
29
1
101008
[slayer]
1
29
1
101009
[normal]
1
29
1
101009
[expert]
1
29
1
101009
[master]
1
29
1
101009
[king]
1
29
1
101009
[slayer]
1
29
1
101010
[normal]
1
29
1
101010
[expert]
1
29
1
101010
[master]
1
29
1
101010
[king]
1
29
1
101010
[slayer]
1
29
1
101011
[normal]
1
39
1
101011
[expert]
1
39
1
101011
[master]
1
39
1
101011
[king]
1
39
1
101011
[slayer]
1
39
1
101012
[normal]
1
39
1
101012
[expert]
1
39
1
101012
[master]
1
39
1
101012
[king]
1
39
1
101012
[slayer]
1
39
1
101013
[normal]
1
39
1
101013
[expert]
1
39
1
101013
[master]
1
39
1
101013
[king]
1
39
1
101013
[slayer]
1
39
1
101014
[normal]
1
49
1
101014
[expert]
1
49
1
101014
[master]
1
49
1
101014
[king]
1
49
1
101014
[slayer]
1
49
1
101015
[normal]
1
49
1
101015
[expert]
1
49
1
101015
[master]
1
49
1
101015
[king]
1
49
1
101015
[slayer]
1
49
1
101016
[normal]
1
49
1
101016
[expert]
1
49
1
101016
[master]
1
49
1
101016
[king]
1
49
1
101016
[slayer]
1
49
1
101017
[normal]
1
59
1
101017
[expert]
1
59
1
101017
[master]
1
59
1
101017
[king]
1
59
1
101017
[slayer]
1
59
1
101018
[normal]
1
59
1
101018
[expert]
1
59
1
101018
[master]
1
59
1
101018
[king]
1
59
1
101018
[slayer]
1
59
1
101019
[normal]
1
59
1
101019
[expert]
1
59
1
101019
[master]
1
59
1
101019
[king]
1
59
1
101019
[slayer]
1
59
1
101901
[normal]
48
48
1
101902
[normal]
58
58
1
101951
[normal]
21
21
1
101952
[normal]
31
31
1
101953
[normal]
41
41
1
101954
[normal]
51
51
1
101961
[normal]
14
14
1
101962
[normal]
24
24
1
101963
[normal]
34
34
1
101964
[normal]
44
44
1
101965
[normal]
54
54
1
108001
[normal]
30
32
5684
108002
[normal]
55
57
11000
108003
[normal]
70
72
17410
108051
[normal]
50
52
11308
108052
[normal]
70
57
7041
108053
[normal]
90
92
7526
2002004006
[normal]
50
92
6290
108101
[normal]
40
42
8930
108102
[normal]
60
57
7526
108103
[normal]
80
82
7526
2002004005
[normal]
40
42
7041
108151
[normal]
60
62
7516
108152
[normal]
70
72
7516
108153
[normal]
80
82
7516
2002108000
[normal]
55
57
6290
2002141001
[normal]
50
50
8820
2002141002
[normal]
50
50
8820
2002141003
[normal]
50
50
8820
2002141004
[normal]
50
50
8820
2002141005
[normal]
50
50
8820
102002
[normal]
1
1
0
102002
[expert]
1
1
12
102002
[master]
1
1
60
102002
[king]
1
1
60
102002
[slayer]
1
1
60
102051
[normal]
29
29
0
102051
[expert]
29
29
2222
102051
[master]
29
29
6580
102051
[king]
29
29
6580
102051
[slayer]
29
29
6580
102079
[normal]
35
35
0
102079
[expert]
35
35
3301
102079
[master]
35
35
9205
102079
[king]
35
35
9205
102079
[slayer]
35
35
9205
102085
[normal]
36
36
0
102085
[expert]
36
36
4270
102085
[master]
36
36
10456
102085
[king]
36
36
10456
102085
[slayer]
36
36
10456
2002190100
[normal]
1
35
17807
2002190200
[normal]
1
35
17807
2002190210
[normal]
1
35
17807
2002190300
[normal]
1
35
17807
2002111005
[normal]
10
21
1679
2002111006
[normal]
10
31
2878
2002111007
[normal]
10
41
4246
2002111008
[normal]
10
51
5578
2002111009
[normal]
10
61
6686
2002000519
[normal]
1
25
1
2002000519
[expert]
1
25
1
2002000519
[master]
1
25
1
2002000519
[king]
1
25
1
2002000519
[slayer]
1
25
1
2002000531
[normal]
1
25
1
2002000531
[expert]
1
25
1
2002000531
[master]
1
25
1
2002000531
[king]
1
25
1
2002000531
[slayer]
1
25
1
2002000532
[normal]
1
25
1
2002000532
[expert]
1
25
1
2002000532
[master]
1
25
1
2002000532
[king]
1
25
1
2002000532
[slayer]
1
25
1
2002002635
[normal]
1
25
1
2002002635
[expert]
1
25
1
2002002635
[master]
1
25
1
2002002635
[king]
1
25
1
2002002635
[slayer]
1
25
1
2002002636
[normal]
1
25
1
2002002636
[expert]
1
25
1
2002002636
[master]
1
25
1
2002002636
[king]
1
25
1
2002002636
[slayer]
1
25
1
2002002637
[normal]
1
25
1
2002002637
[expert]
1
25
1
2002002637
[master]
1
25
1
2002002637
[king]
1
25
1
2002002637
[slayer]
1
25
1
2002002640
[normal]
1
25
1
2002002640
[expert]
1
25
1
2002002640
[master]
1
25
1
2002002640
[king]
1
25
1
2002002640
[slayer]
1
25
1
2002002641
[normal]
1
25
1
2002002641
[expert]
1
25
1
2002002641
[master]
1
25
1
2002002641
[king]
1
25
1
2002002641
[slayer]
1
25
1
2002140002
[normal]
48
50
8820
2002140005
[normal]
48
50
8820
2002140003
[normal]
48
50
8820
2002140004
[normal]
48
50
8820
2002140006
[normal]
48
50
8820
2002140007
[expert]
48
55
10430
2002140010
[expert]
48
55
10430
2002140008
[expert]
48
55
10430
2002140009
[expert]
48
55
10430
2002140011
[expert]
48
55
10430
2002002685
[normal]
1
1
1
2002002685
[expert]
1
1
1
2002002685
[master]
1
1
1
2002002685
[king]
1
1
1
2002002685
[slayer]
1
1
1
2002002688
[normal]
1
1
1
2002002688
[expert]
1
1
1
2002002688
[master]
1
1
1
2002002688
[king]
1
1
1
2002002688
[slayer]
1
1
1
2002002689
[normal]
1
1
1
2002002689
[expert]
1
1
1
2002002689
[master]
1
1
1
2002002689
[king]
1
1
1
2002002689
[slayer]
1
1
1
2002002690
[normal]
1
1
1
2002002690
[expert]
1
1
1
2002002690
[master]
1
1
1
2002002690
[king]
1
1
1
2002002690
[slayer]
1
1
1
2002002691
[normal]
1
1
1
2002002691
[expert]
1
1
1
2002002691
[master]
1
1
1
2002002691
[king]
1
1
1
2002002691
[slayer]
1
1
1
2002002692
[normal]
1
1
1
2002002692
[expert]
1
1
1
2002002692
[master]
1
1
1
2002002692
[king]
1
1
1
2002002692
[slayer]
1
1
1
2002002695
[normal]
1
1
1
2002002695
[expert]
1
1
1
2002002695
[master]
1
1
1
2002002695
[king]
1
1
1
2002002695
[slayer]
1
1
1
2002002696
[normal]
1
1
1
2002002696
[expert]
1
1
1
2002002696
[master]
1
1
1
2002002696
[king]
1
1
1
2002002696
[slayer]
1
1
1
2002004172
[normal]
45
60
1
2002130030
[normal]
24
1
1
2002130031
[normal]
24
10
1
2002920001
[normal]
10
10
1
2002920002
[normal]
10
10
1
2002920003
[normal]
10
10
1
2002920004
[normal]
10
10
1
2002920011
[normal]
10
10
1
2002920012
[normal]
10
10
1
2002920013
[normal]
10
10
1
2002920014
[normal]
10
10
1
2002920015
[normal]
10
10
1
2002920016
[normal]
10
10
1
2002920017
[normal]
10
10
1
2002920018
[normal]
10
10
1
2002003102
[normal]
1
55
1
2002003102
[expert]
1
55
1
2002003102
[master]
1
55
1
2002003102
[king]
1
55
1
2002003102
[slayer]
1
55
1
2002920001
[normal]
10
10
1
2002920002
[normal]
10
10
1
2002920003
[normal]
10
10
1
2002920004
[normal]
10
10
1
2002920011
[normal]
10
10
1
2002920012
[normal]
10
10
1
2002920021
[normal]
10
10
1
2002920022
[normal]
10
10
1
2002920023
[normal]
10
10
1
2002920024
[normal]
10
10
1
2002920031
[normal]
10
10
1
2002920034
[normal]
10
10
1
2002920111
[normal]
10
10
1
2002920112
[normal]
10
10
1
2002920113
[normal]
10
10
1
2002920114
[normal]
10
10
1
2002920141
[normal]
10
10
1
2002920144
[normal]
10
10
1
2002921001
[normal]
10
10
1
2002921002
[normal]
10
10
1
2002921003
[normal]
10
10
1
2002921004
[normal]
10
10
1
2002921011
[normal]
10
10
1
2002921012
[normal]
10
10
1
2002921021
[normal]
10
10
1
2002921022
[normal]
10
10
1
2002921023
[normal]
10
10
1
2002921024
[normal]
10
10
1
2002921031
[normal]
10
10
1
2002921034
[normal]
10
10
1
2002921111
[normal]
10
10
1
2002921112
[normal]
10
10
1
2002921113
[normal]
10
10
1
2002921114
[normal]
10
10
1
2002921141
[normal]
10
10
1
2002921144
[normal]
10
10
1
2002190000
[normal]
1
55
7500
2002190003
[normal]
1
55
7500
2002190004
[normal]
1
55
7500
2002190007
[normal]
1
55
7500
2002190008
[normal]
1
55
7500
2002190011
[normal]
1
55
7500
2002190012
[normal]
1
55
7500
2002190013
[normal]
1
55
7500
2002190014
[normal]
1
55
7500
2002190015
[normal]
1
55
7500
2002190016
[normal]
1
55
7500
2002190017
[normal]
1
55
7500
2002190018
[normal]
1
55
7500
2002190019
[normal]
1
55
7500
2002190020
[normal]
1
55
7500
2002190021
[normal]
1
55
7500
2002190022
[normal]
1
55
7500
2002190023
[normal]
1
55
7500
2002190024
[normal]
1
55
7500
2002190025
[normal]
1
55
7500
2002190026
[normal]
1
55
7500
2002190027
[normal]
1
55
7500
2002400001
[normal]
17
22
678
2002400002
[normal]
27
32
1129
2002400003
[normal]
37
42
2229
2002400004
[normal]
47
52
3532
2002400006
[normal]
57
62
6290
2002200001
[normal]
1
50
1
2002200002
[normal]
1
50
1
2002200003
[normal]
1
50
1
2002200004
[normal]
1
50
1
2002200005
[normal]
1
50
1
2002201001
[normal]
1
52
1
2002201002
[normal]
1
52
1
2002201003
[normal]
1
52
1
2002202001
[normal]
1
54
1
2002200006
[normal]
1
50
1
2002200006
[expert]
1
50
1
2002200006
[master]
1
50
1
2002200006
[king]
1
50
1
2002200006
[slayer]
1
50
1
2002200007
[normal]
1
50
1
2002200007
[expert]
1
50
1
2002200007
[master]
1
50
1
2002200007
[king]
1
50
1
2002200007
[slayer]
1
50
1
2002200008
[normal]
1
50
1
2002200008
[expert]
1
50
1
2002200008
[master]
1
50
1
2002200008
[king]
1
50
1
2002200008
[slayer]
1
50
1
2002200009
[normal]
1
50
1
2002200009
[expert]
1
50
1
2002200009
[master]
1
50
1
2002200009
[king]
1
50
1
2002200009
[slayer]
1
50
1
2002200010
[normal]
1
50
1
2002200010
[expert]
1
50
1
2002200010
[master]
1
50
1
2002200010
[king]
1
50
1
2002200010
[slayer]
1
50
1
2002200011
[normal]
1
50
1
2002200012
[normal]
1
50
1
2002200013
[normal]
1
50
1
2002201007
[normal]
1
50
1
2002201007
[expert]
1
50
1
2002201007
[master]
1
50
1
2002201007
[king]
1
50
1
2002201007
[slayer]
1
50
1
2002201008
[normal]
1
50
1
2002201008
[expert]
1
50
1
2002201008
[master]
1
50
1
2002201008
[king]
1
50
1
2002201008
[slayer]
1
50
1
2002201009
[normal]
1
50
1
2002201009
[expert]
1
50
1
2002201009
[master]
1
50
1
2002201009
[king]
1
50
1
2002201009
[slayer]
1
50
1
2002201010
[normal]
1
50
1
2002201011
[normal]
1
50
1
2002201012
[normal]
1
50
1
2002202002
[normal]
1
50
1
2002202002
[expert]
1
50
1
2002202002
[master]
1
50
1
2002202002
[king]
1
50
1
2002202002
[slayer]
1
50
1
2002203007
[normal]
1
50
1
2002205000
[normal]
1
50
1
2002205001
[normal]
1
50
1
2002205002
[normal]
1
50
1
2002205003
[normal]
1
50
1
2002205004
[normal]
1
50
1
2002205005
[normal]
1
50
1
2002205006
[normal]
1
50
1
2002205007
[normal]
1
50
1
2002205008
[normal]
1
50
1
2002205009
[normal]
1
50
1
2002205010
[normal]
1
50
1
2002205011
[normal]
1
50
1
2002205012
[normal]
1
50
1
2002205013
[normal]
1
52
1
2002205014
[normal]
1
52
1
2002205015
[normal]
1
52
1
2002205016
[normal]
1
50
1
2002205017
[normal]
1
50
1
2002205018
[normal]
1
50
1
2002205019
[normal]
1
50
1
2002205020
[normal]
1
50
1
2002205021
[normal]
1
50
1
2002205022
[normal]
1
54
1
2002205023
[normal]
1
50
1
2002205024
[normal]
1
50
1
2002204000
[normal]
1
15
1
2002204001
[normal]
1
15
1
2002204002
[normal]
1
15
1
2002204003
[normal]
1
15
1
2002206000
[normal]
1
15
1
2002206001
[normal]
1
15
1
2002925001
[normal]
50
50
1
2002925011
[normal]
50
50
1
2002925021
[normal]
50
50
1
1
[normal]
1
1
1
2002930000
[normal]
53
56
9483
2002930001
[normal]
60
62
1
2002400011
[normal]
11
1
1
2002400012
[normal]
11
1
1
2002500000
[normal]
55
57
1
2002500001
[normal]
55
57
1
2002500002
[normal]
55
57
1
2002500003
[normal]
55
57
1
2002400005
[normal]
10
1
1
2002400022
[normal]
10
1
1
2002400031
[normal]
10
1
1
2002400032
[normal]
10
1
1
2002400041
[normal]
15
15
1
2002400110
[normal]
1
15
1
2002003650
[normal]
55
55
5054
2002003651
[normal]
55
55
5054
2002003652
[normal]
55
55
5054
2002003653
[normal]
55
55
5054
2002931001
[normal]
55
55
11790
2002931002
[normal]
55
55
12370
2002931003
[normal]
55
55
13860
2002931006
[normal]
55
55
1
2002931007
[normal]
55
55
1
2002931008
[normal]
55
55
1
2002931009
[normal]
55
55
1
2002931010
[normal]
55
55
1
2002931011
[normal]
55
55
1
2002701011
[normal]
1
1
1
2002701012
[normal]
1
1
1
2002701021
[normal]
1
1
1
2002701022
[normal]
1
1
1
2002701031
[normal]
1
1
1
2002701032
[normal]
1
1
1
2002701033
[normal]
1
1
1
2002701034
[normal]
1
1
1
2002701041
[normal]
1
1
1
2002701042
[normal]
1
1
1
2002701043
[normal]
1
1
1
2002701044
[normal]
1
1
1
2002701051
[normal]
1
1
1
2002701052
[normal]
1
1
1
2002701053
[normal]
1
1
1
2002701061
[normal]
1
1
1
2002701062
[normal]
1
1
1
2002701071
[normal]
1
1
1
2002701072
[normal]
1
1
1
2002701073
[normal]
1
1
1
2002701081
[normal]
1
1
1
2002701082
[normal]
1
1
1
2002701083
[normal]
1
1
1
2002701111
[normal]
1
1
1
2002701112
[normal]
1
1
1
2002701113
[normal]
1
1
1
2002701121
[normal]
1
1
1
2002701122
[normal]
1
1
1
2002701131
[normal]
1
1
1
2002701132
[normal]
1
1
1
2002701142
[normal]
1
1
1
2002701143
[normal]
1
1
1
2002701151
[normal]
1
1
1
2002701152
[normal]
1
1
1
2002701153
[normal]
1
1
1
2002701154
[normal]
1
1
1
2002701161
[normal]
1
1
1
2002701162
[normal]
1
1
1
2002701171
[normal]
1
1
1
2002701172
[normal]
1
1
1
2002701091
[normal]
1
1
1
2002701092
[normal]
1
1
1
2002701093
[normal]
1
1
1
2002701101
[normal]
1
1
1
2002701102
[normal]
1
1
1
2002701103
[normal]
1
1
1
2002701141
[normal]
1
1
1
2002400110
[normal]
40
1
1
2002400200
[normal]
40
1
1
2002400201
[normal]
40
1
1
2002400202
[normal]
15
1
1
2002400205
[normal]
15
1
1
2002400206
[normal]
15
1
1
2002400207
[normal]
15
1
1
2002400203
[normal]
15
1
1
2002400204
[normal]
15
1
1
2002400209
[normal]
15
1
1
2002400210
[normal]
15
1
1
2002400211
[normal]
15
1
1
2002400208
[normal]
15
15
1
2002400220
[normal]
15
1
1
2002400221
[normal]
15
1
1
2002400212
[normal]
10
1
1
2002400213
[normal]
10
1
1
2002140100
[expert]
50
50
10203
2002140101
[expert]
50
50
10203
2002140102
[expert]
50
50
10203
2002140103
[expert]
50
51
10203
2002140104
[expert]
50
51
10203
2002140105
[expert]
50
51
10203
2002140106
[expert]
50
51
10203
2002140107
[expert]
50
51
10203
2002140108
[expert]
50
52
10430
2002140109
[expert]
50
52
10430
2002140110
[expert]
50
52
10430
2002140111
[expert]
50
52
10430
2002140112
[expert]
50
52
10430
2002140113
[expert]
50
53
10430
2002140114
[expert]
50
53
10430
2002140115
[expert]
50
53
10430
2002140116
[expert]
50
53
10430
2002140117
[expert]
50
53
10430
2002140118
[expert]
50
53
10430
2002140119
[expert]
50
53
10430
2002140120
[expert]
50
54
10430
2002140121
[expert]
50
54
10430
2002140122
[expert]
50
54
10430
2002140123
[expert]
50
54
10430
2002140124
[expert]
50
54
10430
2002140125
[expert]
50
54
10430
2002140126
[expert]
50
54
10430
2002401000
[normal]
55
55
1
2002401001
[normal]
55
55
1
2002401002
[normal]
55
55
1
2002401003
[normal]
55
55
1
2002401004
[normal]
55
55
1
2002401005
[normal]
55
55
1
2002401006
[normal]
55
55
1
2002401007
[normal]
55
55
1
2002401008
[normal]
55
55
1
2002401009
[normal]
55
55
1
2002401010
[normal]
55
55
1
2002401011
[normal]
55
55
1
2002401012
[normal]
55
55
1
2002401013
[normal]
55
55
1
2002401014
[normal]
55
55
1
2002401015
[normal]
55
55
1
2002401016
[normal]
55
55
1
2002401017
[normal]
55
55
1
2002401018
[normal]
55
55
1
2002401019
[normal]
55
55
1
2002401020
[normal]
55
55
1
2002401021
[normal]
55
55
1
2002401022
[normal]
55
55
1
2002401023
[normal]
55
55
1
2002401024
[normal]
55
55
1
2002401025
[normal]
55
55
1
2002401026
[normal]
55
55
1
2002401027
[normal]
55
55
1
2002401028
[normal]
55
55
1
2002401100
[normal]
55
55
1
2002401101
[normal]
55
55
1
2002401102
[normal]
55
55
1
2002401103
[normal]
55
55
1
2002401104
[normal]
55
55
1
2002401105
[normal]
55
55
1
2002401106
[normal]
55
55
1
2002401107
[normal]
55
55
1
2002401108
[normal]
55
55
1
2002401109
[normal]
55
55
1
2002401110
[normal]
55
55
1
2002401111
[normal]
55
55
1
2002401112
[normal]
55
55
1
2002401113
[normal]
55
55
1
2002401114
[normal]
55
55
1
2002401115
[normal]
55
55
1
2002401116
[normal]
55
55
1
2002401117
[normal]
55
55
1
2002401118
[normal]
55
55
1
2002401119
[normal]
55
55
1
2002401120
[normal]
55
55
1
2002401121
[normal]
55
55
1
2002401122
[normal]
55
55
1
2002401123
[normal]
55
55
1
2002401124
[normal]
55
55
1
2002401125
[normal]
55
55
1
2002401126
[normal]
55
55
1
2002401127
[normal]
55
55
1
2002401128
[normal]
55
55
1
2002401200
[normal]
55
55
1
2002401201
[normal]
55
55
1
2002401202
[normal]
55
55
1
2002401203
[normal]
55
55
1
2002401204
[normal]
55
55
1
2002401205
[normal]
55
55
1
2002401206
[normal]
55
55
1
2002401207
[normal]
55
55
1
2002401208
[normal]
55
55
1
2002401209
[normal]
55
55
1
2002401210
[normal]
55
55
1
2002401211
[normal]
55
55
1
2002401212
[normal]
55
55
1
2002401213
[normal]
55
55
1
2002401214
[normal]
55
55
1
2002401215
[normal]
55
55
1
2002401216
[normal]
55
55
1
2002401217
[normal]
55
55
1
2002401218
[normal]
55
55
1
2002401219
[normal]
55
55
1
2002401220
[normal]
55
55
1
2002401221
[normal]
55
55
1
2002401222
[normal]
55
55
1
2002401223
[normal]
55
55
1
2002401224
[normal]
55
55
1
2002401225
[normal]
55
55
1
2002401226
[normal]
55
55
1
2002401227
[normal]
55
55
1
2002401228
[normal]
55
55
1
2002401300
[normal]
55
55
1
2002401301
[normal]
55
55
1
2002401302
[normal]
55
55
1
2002401303
[normal]
55
55
1
2002401304
[normal]
55
55
1
2002401305
[normal]
55
55
1
2002401306
[normal]
55
55
1
2002401307
[normal]
55
55
1
2002401308
[normal]
55
55
1
2002401309
[normal]
55
55
1
2002401310
[normal]
55
55
1
2002401311
[normal]
55
55
1
2002401312
[normal]
55
55
1
2002401313
[normal]
55
55
1
2002401314
[normal]
55
55
1
2002401315
[normal]
55
55
1
2002401316
[normal]
55
55
1
2002401317
[normal]
55
55
1
2002401318
[normal]
55
55
1
2002401319
[normal]
55
55
1
2002401320
[normal]
55
55
1
2002401321
[normal]
55
55
1
2002401322
[normal]
55
55
1
2002401323
[normal]
55
55
1
2002401324
[normal]
55
55
1
2002401325
[normal]
55
55
1
2002401326
[normal]
55
55
1
2002401327
[normal]
55
55
1
2002401328
[normal]
55
55
1
2002401400
[normal]
55
55
1
2002401401
[normal]
55
55
1
2002401402
[normal]
55
55
1
2002401403
[normal]
55
55
1
2002401404
[normal]
55
55
1
2002401405
[normal]
55
55
1
2002401406
[normal]
55
55
1
2002401407
[normal]
55
55
1
2002401408
[normal]
55
55
1
2002401409
[normal]
55
55
1
2002401410
[normal]
55
55
1
2002401411
[normal]
55
55
1
2002401412
[normal]
55
55
1
2002401413
[normal]
55
55
1
2002401414
[normal]
55
55
1
2002401415
[normal]
55
55
1
2002401416
[normal]
55
55
1
2002401417
[normal]
55
55
1
2002401418
[normal]
55
55
1
2002401419
[normal]
55
55
1
2002401420
[normal]
55
55
1
2002401421
[normal]
55
55
1
2002401422
[normal]
55
55
1
2002401423
[normal]
55
55
1
2002401424
[normal]
55
55
1
2002401425
[normal]
55
55
1
2002401426
[normal]
55
55
1
2002401427
[normal]
55
55
1
2002401428
[normal]
55
55
1
2002401500
[normal]
55
55
1
2002401501
[normal]
55
55
1
2002401502
[normal]
55
55
1
2002401503
[normal]
55
55
1
2002401504
[normal]
55
55
1
2002401505
[normal]
55
55
1
2002401506
[normal]
55
55
1
2002401507
[normal]
55
55
1
2002401508
[normal]
55
55
1
2002401509
[normal]
55
55
1
2002401510
[normal]
55
55
1
2002401511
[normal]
55
55
1
2002401512
[normal]
55
55
1
2002401513
[normal]
55
55
1
2002401514
[normal]
55
55
1
2002401515
[normal]
55
55
1
2002401516
[normal]
55
55
1
2002401517
[normal]
55
55
1
2002401518
[normal]
55
55
1
2002401519
[normal]
55
55
1
2002401520
[normal]
55
55
1
2002401521
[normal]
55
55
1
2002401522
[normal]
55
55
1
2002401523
[normal]
55
55
1
2002401524
[normal]
55
55
1
2002401525
[normal]
55
55
1
2002401526
[normal]
55
55
1
2002401527
[normal]
55
55
1
2002401528
[normal]
55
55
1
2002401600
[normal]
55
55
1
2002401601
[normal]
55
55
1
2002401602
[normal]
55
55
1
2002401603
[normal]
55
55
1
2002401604
[normal]
55
55
1
2002401605
[normal]
55
55
1
2002401606
[normal]
55
55
1
2002401607
[normal]
55
55
1
2002401608
[normal]
55
55
1
2002401609
[normal]
55
55
1
2002401610
[normal]
55
55
1
2002401611
[normal]
55
55
1
2002401612
[normal]
55
55
1
2002401613
[normal]
55
55
1
2002401614
[normal]
55
55
1
2002401615
[normal]
55
55
1
2002401616
[normal]
55
55
1
2002401617
[normal]
55
55
1
2002401618
[normal]
55
55
1
2002401619
[normal]
55
55
1
2002401620
[normal]
55
55
1
2002401621
[normal]
55
55
1
2002401622
[normal]
55
55
1
2002401623
[normal]
55
55
1
2002401624
[normal]
55
55
1
2002401625
[normal]
55
55
1
2002401626
[normal]
55
55
1
2002401627
[normal]
55
55
1
2002401628
[normal]
55
55
1
2002401700
[normal]
55
55
1
2002401701
[normal]
55
55
1
2002401702
[normal]
55
55
1
2002401703
[normal]
55
55
1
2002401704
[normal]
55
55
1
2002401705
[normal]
55
55
1
2002401706
[normal]
55
55
1
2002401707
[normal]
55
55
1
2002401708
[normal]
55
55
1
2002401709
[normal]
55
55
1
2002401710
[normal]
55
55
1
2002401711
[normal]
55
55
1
2002401712
[normal]
55
55
1
2002401713
[normal]
55
55
1
2002401714
[normal]
55
55
1
2002401715
[normal]
55
55
1
2002401716
[normal]
55
55
1
2002401717
[normal]
55
55
1
2002401718
[normal]
55
55
1
2002401719
[normal]
55
55
1
2002401720
[normal]
55
55
1
2002401721
[normal]
55
55
1
2002401722
[normal]
55
55
1
2002401723
[normal]
55
55
1
2002401724
[normal]
55
55
1
2002401725
[normal]
55
55
1
2002401726
[normal]
55
55
1
2002401727
[normal]
55
55
1
2002401728
[normal]
55
55
1
2002401800
[normal]
55
55
1
2002401801
[normal]
55
55
1
2002401802
[normal]
55
55
1
2002401803
[normal]
55
55
1
2002401804
[normal]
55
55
1
2002401805
[normal]
55
55
1
2002401806
[normal]
55
55
1
2002401807
[normal]
55
55
1
2002401808
[normal]
55
55
1
2002401809
[normal]
55
55
1
2002401810
[normal]
55
55
1
2002401811
[normal]
55
55
1
2002401812
[normal]
55
55
1
2002401813
[normal]
55
55
1
2002401814
[normal]
55
55
1
2002401815
[normal]
55
55
1
2002401816
[normal]
55
55
1
2002401817
[normal]
55
55
1
2002401818
[normal]
55
55
1
2002401819
[normal]
55
55
1
2002401820
[normal]
55
55
1
2002401821
[normal]
55
55
1
2002401822
[normal]
55
55
1
2002401823
[normal]
55
55
1
2002401824
[normal]
55
55
1
2002401825
[normal]
55
55
1
2002401826
[normal]
55
55
1
2002401827
[normal]
55
55
1
2002401828
[normal]
55
55
1
2002401900
[normal]
55
55
1
2002401901
[normal]
55
55
1
2002401902
[normal]
55
55
1
2002401903
[normal]
55
55
1
2002401904
[normal]
55
55
1
2002401905
[normal]
55
55
1
2002401906
[normal]
55
55
1
2002401907
[normal]
55
55
1
2002401908
[normal]
55
55
1
2002401909
[normal]
55
55
1
2002401910
[normal]
55
55
1
2002401911
[normal]
55
55
1
2002401912
[normal]
55
55
1
2002401913
[normal]
55
55
1
2002401914
[normal]
55
55
1
2002401915
[normal]
55
55
1
2002401916
[normal]
55
55
1
2002401917
[normal]
55
55
1
2002401918
[normal]
55
55
1
2002401919
[normal]
55
55
1
2002401920
[normal]
55
55
1
2002401921
[normal]
55
55
1
2002401922
[normal]
55
55
1
2002401923
[normal]
55
55
1
2002401924
[normal]
55
55
1
2002401925
[normal]
55
55
1
2002401926
[normal]
55
55
1
2002401927
[normal]
55
55
1
2002401928
[normal]
55
55
1
2002401991
[normal]
55
55
1
2002401992
[normal]
55
55
1
140400
[normal]
1
25
1
140401
[normal]
1
30
1
140402
[normal]
1
35
1
140403
[normal]
1
40
1
140404
[normal]
1
45
1
140405
[normal]
1
50
1
140406
[normal]
1
55
1
2002300301
[normal]
1
25
1
2002300302
[normal]
1
30
1
2002300303
[normal]
1
35
1
2002300304
[normal]
1
40
1
2002300305
[normal]
1
45
1
2002300306
[normal]
1
50
1
2002300307
[normal]
1
55
1
2002300308
[normal]
1
25
1
2002300309
[normal]
1
30
1
2002300310
[normal]
1
35
1
2002300311
[normal]
1
40
1
2002300312
[normal]
1
45
1
2002300313
[normal]
1
50
1
2002300314
[normal]
1
55
1
2002300315
[normal]
1
25
1
2002300316
[normal]
1
30
1
2002300317
[normal]
1
35
1
2002300318
[normal]
1
40
1
2002300319
[normal]
1
45
1
2002300320
[normal]
1
50
1
2002300321
[normal]
1
55
1
2002300322
[normal]
1
25
1
2002300323
[normal]
1
30
1
2002300324
[normal]
1
35
1
2002300325
[normal]
1
40
1
2002300326
[normal]
1
45
1
2002300327
[normal]
1
50
1
2002300328
[normal]
1
55
1
2002300329
[normal]
1
25
1
2002300330
[normal]
1
30
1
2002300331
[normal]
1
35
1
2002300332
[normal]
1
40
1
2002300333
[normal]
1
45
1
2002300334
[normal]
1
50
1
2002300335
[normal]
1
55
1
2002300336
[normal]
1
25
1
2002300337
[normal]
1
30
1
2002300338
[normal]
1
35
1
2002300339
[normal]
1
40
1
2002300340
[normal]
1
45
1
2002300341
[normal]
1
50
1
2002300342
[normal]
1
55
1
2002300343
[normal]
1
25
1
2002300344
[normal]
1
30
1
2002300345
[normal]
1
35
1
2002300346
[normal]
1
40
1
2002300347
[normal]
1
45
1
2002300348
[normal]
1
50
1
2002300349
[normal]
1
55
1
2002300350
[normal]
1
25
1
2002300351
[normal]
1
30
1
2002300352
[normal]
1
35
1
2002300353
[normal]
1
40
1
2002300354
[normal]
1
45
1
2002300355
[normal]
1
50
1
2002300356
[normal]
1
55
1
2002300357
[normal]
1
25
1
2002300358
[normal]
1
30
1
2002300359
[normal]
1
35
1
2002300360
[normal]
1
40
1
2002300361
[normal]
1
45
1
2002300362
[normal]
1
50
1
2002300363
[normal]
1
55
1
2002300364
[normal]
1
25
1
2002300365
[normal]
1
30
1
2002300366
[normal]
1
35
1
2002300367
[normal]
1
40
1
2002300368
[normal]
1
45
1
2002300369
[normal]
1
50
1
2002300370
[normal]
1
55
1
2002190063
[normal]
1
55
18810