[HellSlotDungeon]
51
2002140002
22
52
2002140005
22
53
2002140003
22
54
2002140004
22
55
2002140006
22
95
2002140007
22
96
2002140010
22
97
2002140008
22
98
2002140009
22
99
2002140011
22
200
2002140100
22
201
2002140101
22
202
2002140102
22
203
2002140103
22
204
2002140104
22
205
2002140105
22
206
2002140106
22
207
2002140107
22
208
2002140108
22
209
2002140109
22
210
2002140110
22
211
2002140111
22
212
2002140112
22
213
2002140113
22
214
2002140114
22
215
2002140115
22
216
2002140116
22
217
2002140117
22
218
2002140118
22
219
2002140119
22
220
2002140120
22
221
2002140121
22
222
2002140122
22
223
2002140123
22
224
2002140124
22
225
2002140125
22
226
2002140126
22
227
2002141001
22
228
2002141002
22
229
2002141003
22
230
2002141004
22
231
2002141005
22
[/HellSlotDungeon]