901
2013100972
1
0
901
0
100
10
005001
=
902
2013100973
1
0
902
0
100
10
005001
=
925
2013100718
1
0
925
0
100
10
005001
=
926
2013100719
1
0
926
0
100
10
005001
=
928
2013104137
1
0
928
0
100
10
005001
=
929
2013104131
1
0
929
0
5000
10
005001
=
930
2013104132
1
0
930
0
5000
10
005001
=
931
2013104133
1
0
931
0
5000
10
005001
=
932
2013104134
1
0
932
0
5000
10
005001
=
927
2013104135
1
0
927
0
100
10
005001
=
939
2013104511
1
0
939
0
10000
10
005001
=
940
2013101272
1
0
940
0
10000
10
005001
=
941
2013101273
1
0
941
0
10000
10
005001
=
942
2013103941
1
0
942
0
1000
10
005001
=
913
2013100890
1
0
913
0
1300
10
005000
=
914
2013100887
1
0
914
0
1300
10
005000
=
915
2013100888
1
0
915
0
1300
10
005000
=
19103
2013104501
25
0
19103
0
1300
10
005000
=
916
2013100707
1
0
916
0
1300
10
005000
=
948
2013103333
1
1
903
0
2500
10
005000
=
904
2013100841
1
1
933
0
2500
10
005000
=
905
2013100822
1
1
905
0
2500
10
005000
=
906
2013100826
1
1
904
0
2500
10
005000
=
907
2013100792
1
1
907
0
2500
10
005000
=
933
2013104411
1
1
906
0
2500
10
005000
=
908
2013101276
1
1
908
0
2500
10
005000
=
909
2013100816
1
1
909
0
5000
10
005000
=
910
2013100817
1
1
910
0
5000
10
005000
=
911
2013100818
1
1
911
0
5000
10
005000
=
912
2013100819
1
1
912
0
5000
10
005000
=
918
2013101305
1
0
918
0
10000
10
005000
=
13
2013100884
10
0
13
0
15000
10
005000
=
26
2013104267
3
0
28
0
100
10
005000
=
34
2013106097
1
0
34
0
100
10
005000
=
31
2013102101
1
0
31
0
10000
36
005000
=
934
2013104475
1
0
934
0
1000
10
005002
=
935
2013104476
1
0
935
0
1000
10
005002
=
936
2013104477
1
0
936
0
1000
10
005002
=
937
2013104478
1
0
937
0
1000
10
005002
=
23
2013104235
1
0
25
0
10000
10
006000
=
32
2013106063
1
0
32
0
10000
10
006000
=
924
2013104182
20
0
924
0
10000
10
006000
=
22
2013100709
5
0
24
0
10000
10
006000
=
19
2013103860
1
0
22
0
50000
10
007000
=
14
2013103571
1
0
17
0
100000
10
007000
=
30
2013103558
1
0
30
0
1000000
10
007000
=
953
2013106017
1
0
953
0
20000
10
005001
=
954
2013106018
1
0
954
0
25000
10
005001
=
955
2013101274
1
0
955
0
25000
10
005001
=
33
2013106036
1
0
33
0
5000
10
005000
=
10004
2013104680
1
0
10004
0
1000
10
009002
=
10005
2013101074
1
0
10005
0
1000
10
009002
=
10006
2013101073
2
0
10006
0
1000
10
009002
=
10010
2013105040
1
0
10010
0
1000
10
009005
=
10011
2013105041
1
0
10011
0
1000
10
009005
=
10012
2013105042
1
0
10012
0
1000
10
009005
=
10013
2013105033
1
0
10013
0
8888
10
009005
=
10014
2013105725
1
0
10014
0
10000
10
009007
=
19100
2013105975
1
0
19100
0
100000
10
005003
=
19101
1990000137
1
0
19101
0
10000
10
005003
=
19102
1990000106
1
0
19102
0
30000
10
005003
=