1001
0
100000
1
1002
2013104187
20
1
1003
2013103516
1
1
1004
2013102965
15
1
1005
2013104497
1
1
1006
0
150000
1
1007
2000330068
1
1
1008
0
170000
1
1009
2013104187
30
1
1010
2013103516
2
1
1011
2013102965
20
1
1012
2013104497
1
1
1013
0
200000
1
1014
2000330069
1
1
1015
0
220000
1
1016
2013104187
40
1
1017
2013103516
3
1
1018
2013102965
25
1
1019
2013104497
1
1
1020
0
250000
1
1021
2000330070
1
1
1022
0
270000
1
1023
2013104187
50
1
1024
2013103517
1
1
1025
2013102965
30
1
1026
2013104496
1
1
1027
0
300000
1
1028
2000330071
1
1
1029
0
320000
1
1030
2013104187
60
1
1031
2013103517
2
1
1032
2013102965
35
1
1033
2013104496
1
1
1034
0
350000
1
1035
2000330072
1
1
1036
0
370000
1
1037
2013104187
80
1
1038
2013103517
3
1
1039
2013102965
40
1
1040
2013104414
1
1
1041
0
400000
1
1042
2000330073
1
1
1043
0
420000
1
1044
2013104187
100
1
1045
2013103518
1
1
1046
2013102965
45
1
1047
2013104496
1
1
1048
2013104182
50
1
1049
2000330074
1
1
1050
2013104414
1
1
1051
2013106036
1
1
1052
2013103518
1
1
1053
2013102965
50
1
1054
2013104496
1
1
1055
0
500000
1
1056
2000330075
1
1
1057
0
520000
1
1058
2013106036
2
1
1059
2013103518
1
1
1060
2013102965
55
1
1061
2013104496
1
1
1062
0
550000
1
1063
2000330076
1
1
1064
0
570000
1
1065
2013104414
1
1
1066
2013103518
2
1
1067
2013102965
60
1
1068
1990000342
1
1
1069
0
600000
1
1070
2000330077
1
1
1071
0
620000
1
1072
2013106036
2
1
1073
2013103518
2
1
1074
2013102965
65
1
1075
1990000342
1
1
1076
0
650000
1
1077
2000330078
1
1
1078
0
670000
1
1079
2013106036
3
1
1080
2013102966
3
1